{
    "age": 5,
    "clothingelement": 2,
    "clothingid": 13,
    "description": "Mens Largo Slip On Taupe",
    "filetype": 3,
    "gender": 1,
    "height": 3,
    "loadWeightsFromMesh": 1,
    "meshpath": "Mesh.02.0013.05.01.0000",
    "skinpath": "Clothing/02/0013/Rigs/05/Skin.02.0013.05.01.0000",
    "tagtype": "vat",
    "vatmax": 0.018669357523322105,
    "vatmin": -0.014904375188052654,
    "weight": 2
}