{
    "age": 5,
    "clothingelement": 2,
    "clothingid": 13,
    "description": "Mens Largo Slip On Taupe",
    "filetype": 3,
    "gender": 2,
    "height": 3,
    "loadWeightsFromMesh": 1,
    "meshpath": "Mesh.02.0013.05.02.0000",
    "skinpath": "Clothing/02/0013/Rigs/05/Skin.02.0013.05.02.0000",
    "tagtype": "vat",
    "vatmax": 0.016520271077752113,
    "vatmin": -0.01602189987897873,
    "weight": 2
}