{
    "age": 1,
    "clothingelement": 1,
    "clothingid": 3,
    "description": "T-Shirt 00",
    "filetype": 3,
    "gender": 1,
    "height": 3,
    "loadWeightsFromMesh": 1,
    "meshpath": "Mesh.01.0003.01.01.0000",
    "skinpath": "Clothing/01/0003/Rigs/01/Skin.01.0003.01.01.0000",
    "tagtype": "vat",
    "vatmax": 0.23267211019992828,
    "vatmin": -0.02930673584342003,
    "weight": 2
}