{
    "age": 1,
    "clothingelement": 1,
    "clothingid": 3,
    "description": "T-Shirt 00",
    "filetype": 3,
    "gender": 1,
    "height": 2,
    "loadWeightsFromMesh": 1,
    "meshpath": "Mesh.01.0003.01.01.0000",
    "skinpath": "Clothing/01/0003/Rigs/01/Skin.01.0003.01.01.0000",
    "tagtype": "vat",
    "vatmax": 1.907348590179936e-08,
    "vatmin": -3.814697180359872e-08,
    "weight": 1
}