{
    "age": 5,
    "clothingelement": 3,
    "clothingid": 7,
    "description": "jeans",
    "filetype": 3,
    "gender": 2,
    "height": 1,
    "loadWeightsFromMesh": 1,
    "meshpath": "Mesh.03.0007.05.02.0000",
    "skinpath": "Clothing/03/0007/Rigs/05/Skin.03.0007.05.02.0000",
    "tagtype": "vat",
    "vatmax": 0.032606810331344604,
    "vatmin": -0.178110733628273,
    "weight": 2
}