{
    "age": 5,
    "clothingelement": 3,
    "clothingid": 7,
    "description": "jeans",
    "filetype": 3,
    "gender": 1,
    "height": 2,
    "loadWeightsFromMesh": 1,
    "meshpath": "Mesh.03.0007.05.01.0000",
    "skinpath": "Clothing/03/0007/Rigs/05/Skin.03.0007.05.01.0000",
    "tagtype": "vat",
    "vatmax": 0.1225074753165245,
    "vatmin": -0.06830308586359024,
    "weight": 3
}