{
    "age": 5,
    "clothingelement": 3,
    "clothingid": 7,
    "description": "jeans",
    "filetype": 3,
    "gender": 1,
    "height": 1,
    "loadWeightsFromMesh": 1,
    "meshpath": "Mesh.03.0007.05.01.0000",
    "skinpath": "Clothing/03/0007/Rigs/05/Skin.03.0007.05.01.0000",
    "tagtype": "vat",
    "vatmax": 0.021961793303489685,
    "vatmin": -0.15528784692287445,
    "weight": 2
}