{
    "age": 3,
    "clothingelement": 2,
    "clothingid": 22,
    "description": "Crazy Shadow 2",
    "filetype": 3,
    "gender": 2,
    "height": 2,
    "loadWeightsFromMesh": 1,
    "meshpath": "Mesh.02.0022.03.02.0000",
    "skinpath": "Clothing/02/0022/Rigs/03/Skin.02.0022.03.02.0000",
    "tagtype": "vat",
    "vatmax": 8.583068478174027e-08,
    "vatmin": -7.1525572131747595e-09,
    "weight": 2
}