{
    "age": 2,
    "clothingelement": 2,
    "clothingid": 29,
    "description": "Amberlight Up W",
    "filetype": 3,
    "gender": 2,
    "height": 3,
    "loadWeightsFromMesh": 1,
    "meshpath": "Mesh.02.0029.02.02.0000",
    "skinpath": "Clothing/02/0029/Rigs/02/Skin.02.0029.02.02.0000",
    "tagtype": "vat",
    "vatmax": 0.037403982132673264,
    "vatmin": -0.0250895693898201,
    "weight": 2
}