{
    "age": 1,
    "clothingelement": 2,
    "clothingid": 10,
    "description": "Great Jones Wingtip ",
    "filetype": 3,
    "gender": 1,
    "height": 3,
    "loadWeightsFromMesh": 1,
    "meshpath": "Mesh.02.0010.01.01.0000",
    "skinpath": "Clothing/02/0010/Rigs/01/Skin.02.0010.01.01.0000",
    "tagtype": "vat",
    "vatmax": 0.03258397802710533,
    "vatmin": -0.03626108169555664,
    "weight": 2
}