{
    "age": 1,
    "clothingelement": 2,
    "clothingid": 10,
    "description": "Great Jones Wingtip ",
    "filetype": 3,
    "gender": 2,
    "height": 3,
    "loadWeightsFromMesh": 1,
    "meshpath": "Mesh.02.0010.01.02.0000",
    "skinpath": "Clothing/02/0010/Rigs/01/Skin.02.0010.01.02.0000",
    "tagtype": "vat",
    "vatmax": 0.032641686499118805,
    "vatmin": -0.036446478217840195,
    "weight": 2
}