{
    "age": 1,
    "clothingelement": 2,
    "clothingid": 19,
    "description": "Samoa",
    "filetype": 3,
    "gender": 2,
    "height": 3,
    "loadWeightsFromMesh": 1,
    "meshpath": "Mesh.02.0019.01.02.0000",
    "skinpath": "Clothing/02/0019/Rigs/01/Skin.02.0019.01.02.0000",
    "tagtype": "vat",
    "vatmax": 0.03250740095973015,
    "vatmin": -0.03548094257712364,
    "weight": 2
}