{
    "age": 1,
    "clothingelement": 2,
    "clothingid": 19,
    "description": "Samoa",
    "filetype": 3,
    "gender": 1,
    "height": 3,
    "loadWeightsFromMesh": 1,
    "meshpath": "Mesh.02.0019.01.01.0000",
    "skinpath": "Clothing/02/0019/Rigs/01/Skin.02.0019.01.01.0000",
    "tagtype": "vat",
    "vatmax": 0.03245259076356888,
    "vatmin": -0.03557611256837845,
    "weight": 2
}