{
    "age": 1,
    "clothingelement": 2,
    "clothingid": 19,
    "description": "Samoa",
    "filetype": 3,
    "gender": 2,
    "height": 2,
    "loadWeightsFromMesh": 1,
    "meshpath": "Mesh.02.0019.01.02.0000",
    "skinpath": "Clothing/02/0019/Rigs/01/Skin.02.0019.01.02.0000",
    "tagtype": "vat",
    "vatmax": 2.38418573772492e-09,
    "vatmin": -2.38418573772492e-09,
    "weight": 1
}