{
    "age": 7,
    "clothingelement": 6,
    "clothingid": 0,
    "description": "Lacey Dress",
    "filetype": 3,
    "gender": 2,
    "height": 2,
    "loadWeightsFromMesh": 1,
    "meshpath": "Mesh.06.0000.07.02.0000",
    "skinpath": "Clothing/06/0000/Rigs/07/Skin.06.0000.07.02.0000",
    "tagtype": "vat",
    "vatmax": 1.907348590179936e-08,
    "vatmin": -7.629394360719743e-08,
    "weight": 1
}