{
    "age": 2,
    "clothingelement": 2,
    "clothingid": 47,
    "description": "Reef Bantu",
    "filetype": 3,
    "gender": 2,
    "height": 3,
    "loadWeightsFromMesh": 1,
    "meshpath": "Mesh.02.0047.02.02.0000",
    "skinpath": "Clothing/02/0047/Rigs/02/Skin.02.0047.02.02.0000",
    "tagtype": "vat",
    "vatmax": 0.03181975707411766,
    "vatmin": -0.02477421797811985,
    "weight": 2
}