{
    "age": 2,
    "clothingelement": 2,
    "clothingid": 47,
    "description": "Reef Bantu",
    "filetype": 3,
    "gender": 1,
    "height": 3,
    "loadWeightsFromMesh": 1,
    "meshpath": "Mesh.02.0047.02.01.0000",
    "skinpath": "Clothing/02/0047/Rigs/02/Skin.02.0047.02.01.0000",
    "tagtype": "vat",
    "vatmax": 0.03198429197072983,
    "vatmin": -0.02463150955736637,
    "weight": 2
}