{
    "age": 7,
    "clothingelement": 2,
    "clothingid": 4,
    "description": "Dragon W",
    "filetype": 3,
    "gender": 1,
    "height": 3,
    "loadWeightsFromMesh": 1,
    "meshpath": "Mesh.02.0004.07.01.0000",
    "skinpath": "Clothing/02/0004/Rigs/07/Skin.02.0004.07.01.0000",
    "tagtype": "vat",
    "vatmax": 4.76837147544984e-09,
    "vatmin": -7.1525572131747595e-09,
    "weight": 2
}