{
    "age": 2,
    "clothingelement": 2,
    "clothingid": 43,
    "description": "D ROSE 45",
    "filetype": 3,
    "gender": 1,
    "height": 3,
    "loadWeightsFromMesh": 1,
    "meshpath": "Mesh.02.0043.02.01.0000",
    "skinpath": "Clothing/02/0043/Rigs/02/Skin.02.0043.02.01.0000",
    "tagtype": "vat",
    "vatmax": 0.030049294233322144,
    "vatmin": -0.024712352082133293,
    "weight": 2
}