{
    "age": 5,
    "clothingelement": 2,
    "clothingid": 48,
    "description": "Reebok Triple Break Lite",
    "filetype": 3,
    "gender": 2,
    "height": 3,
    "loadWeightsFromMesh": 1,
    "meshpath": "Mesh.02.0048.05.02.0000",
    "skinpath": "Clothing/02/0048/Rigs/05/Skin.02.0048.05.02.0000",
    "tagtype": "vat",
    "vatmax": 0.016452770680189133,
    "vatmin": -0.015773773193359375,
    "weight": 2
}