{
    "age": 5,
    "clothingelement": 2,
    "clothingid": 48,
    "description": "Reebok Triple Break Lite",
    "filetype": 3,
    "gender": 1,
    "height": 1,
    "loadWeightsFromMesh": 1,
    "meshpath": "Mesh.02.0048.05.01.0000",
    "skinpath": "Clothing/02/0048/Rigs/05/Skin.02.0048.05.01.0000",
    "tagtype": "vat",
    "vatmax": 0.02148701623082161,
    "vatmin": -0.025256747379899025,
    "weight": 1
}