{
    "age": 5,
    "clothingelement": 2,
    "clothingid": 46,
    "description": "Reebok_FS HI MINI",
    "filetype": 3,
    "gender": 2,
    "height": 2,
    "loadWeightsFromMesh": 1,
    "meshpath": "Mesh.02.0046.05.02.0000",
    "skinpath": "Clothing/02/0046/Rigs/05/Skin.02.0046.05.02.0000",
    "tagtype": "vat",
    "vatmax": 0.011289987713098526,
    "vatmin": -0.011322307400405407,
    "weight": 1
}