{
    "age": 5,
    "clothingelement": 2,
    "clothingid": 46,
    "description": "Reebok_FS HI MINI",
    "filetype": 3,
    "gender": 2,
    "height": 3,
    "loadWeightsFromMesh": 1,
    "meshpath": "Mesh.02.0046.05.02.0000",
    "skinpath": "Clothing/02/0046/Rigs/05/Skin.02.0046.05.02.0000",
    "tagtype": "vat",
    "vatmax": 0.0178763959556818,
    "vatmin": -0.01576022058725357,
    "weight": 2
}