{
    "age": 5,
    "clothingelement": 2,
    "clothingid": 46,
    "description": "Reebok_FS HI MINI",
    "filetype": 3,
    "gender": 1,
    "height": 3,
    "loadWeightsFromMesh": 1,
    "meshpath": "Mesh.02.0046.05.01.0000",
    "skinpath": "Clothing/02/0046/Rigs/05/Skin.02.0046.05.01.0000",
    "tagtype": "vat",
    "vatmax": 0.01894252747297287,
    "vatmin": -0.0144709013402462,
    "weight": 2
}