{
    "age": 5,
    "clothingelement": 2,
    "clothingid": 46,
    "description": "Reebok_FS HI MINI",
    "filetype": 3,
    "gender": 2,
    "height": 1,
    "loadWeightsFromMesh": 1,
    "meshpath": "Mesh.02.0046.05.02.0000",
    "skinpath": "Clothing/02/0046/Rigs/05/Skin.02.0046.05.02.0000",
    "tagtype": "vat",
    "vatmax": 0.023702211678028107,
    "vatmin": -0.026490019634366035,
    "weight": 2
}