{
    "age": 5,
    "clothingelement": 2,
    "clothingid": 46,
    "description": "Reebok_FS HI MINI",
    "filetype": 3,
    "gender": 1,
    "height": 2,
    "loadWeightsFromMesh": 1,
    "meshpath": "Mesh.02.0046.05.01.0000",
    "skinpath": "Clothing/02/0046/Rigs/05/Skin.02.0046.05.01.0000",
    "tagtype": "vat",
    "vatmax": 0.020623618736863136,
    "vatmin": -0.016253279522061348,
    "weight": 3
}