{
    "age": 2,
    "clothingelement": 2,
    "clothingid": 6,
    "description": "Girls Deckhand ",
    "filetype": 3,
    "gender": 1,
    "height": 3,
    "loadWeightsFromMesh": 1,
    "meshpath": "Mesh.02.0006.02.01.0000",
    "skinpath": "Clothing/02/0006/Rigs/02/Skin.02.0006.02.01.0000",
    "tagtype": "vat",
    "vatmax": 0.029296215623617172,
    "vatmin": -0.024675492197275162,
    "weight": 2
}