{
    "age": 2,
    "clothingelement": 2,
    "clothingid": 6,
    "description": "Girls Deckhand ",
    "filetype": 3,
    "gender": 2,
    "height": 3,
    "loadWeightsFromMesh": 1,
    "meshpath": "Mesh.02.0006.02.02.0000",
    "skinpath": "Clothing/02/0006/Rigs/02/Skin.02.0006.02.02.0000",
    "tagtype": "vat",
    "vatmax": 0.029636086896061897,
    "vatmin": -0.02478565089404583,
    "weight": 2
}