{
    "age": 2,
    "clothingelement": 2,
    "clothingid": 26,
    "description": "Court Attitude",
    "filetype": 3,
    "gender": 1,
    "height": 3,
    "loadWeightsFromMesh": 1,
    "meshpath": "Mesh.02.0026.02.01.0000",
    "skinpath": "Clothing/02/0026/Rigs/02/Skin.02.0026.02.01.0000",
    "tagtype": "vat",
    "vatmax": 0.031091852113604546,
    "vatmin": -0.02464487962424755,
    "weight": 2
}