{
    "age": 1,
    "clothingelement": 3,
    "clothingid": 1,
    "description": "Jeans",
    "filetype": 3,
    "gender": 1,
    "height": 3,
    "loadWeightsFromMesh": 1,
    "meshpath": "Mesh.03.0001.01.01.0000",
    "skinpath": "Clothing/03/0001/Rigs/01/Skin.03.0001.01.01.0000",
    "tagtype": "vat",
    "vatmax": 0.15470047295093536,
    "vatmin": -0.03170641511678696,
    "weight": 2
}