{
    "age": 1,
    "clothingelement": 3,
    "clothingid": 1,
    "description": "Jeans",
    "filetype": 3,
    "gender": 1,
    "height": 2,
    "loadWeightsFromMesh": 1,
    "meshpath": "Mesh.03.0001.01.01.0000",
    "skinpath": "Clothing/03/0001/Rigs/01/Skin.03.0001.01.01.0000",
    "tagtype": "vat",
    "vatmax": 3.814697180359872e-08,
    "vatmin": -3.814697180359872e-08,
    "weight": 3
}