{
    "age": 1,
    "clothingelement": 3,
    "clothingid": 1,
    "description": "Jeans",
    "filetype": 3,
    "gender": 2,
    "height": 3,
    "loadWeightsFromMesh": 1,
    "meshpath": "Mesh.03.0001.01.02.0000",
    "skinpath": "Clothing/03/0001/Rigs/01/Skin.03.0001.01.02.0000",
    "tagtype": "vat",
    "vatmax": 0.15467609465122223,
    "vatmin": -0.031887441873550415,
    "weight": 2
}