{
    "age": 1,
    "clothingelement": 2,
    "clothingid": 26,
    "description": "Court Attitude",
    "filetype": 3,
    "gender": 1,
    "height": 3,
    "loadWeightsFromMesh": 1,
    "meshpath": "Mesh.02.0026.01.01.0000",
    "skinpath": "Clothing/02/0026/Rigs/01/Skin.02.0026.01.01.0000",
    "tagtype": "vat",
    "vatmax": 0.0324079692363739,
    "vatmin": -0.03531093895435333,
    "weight": 2
}