{
    "age": 1,
    "clothingelement": 2,
    "clothingid": 26,
    "description": "Court Attitude",
    "filetype": 3,
    "gender": 2,
    "height": 3,
    "loadWeightsFromMesh": 1,
    "meshpath": "Mesh.02.0026.01.02.0000",
    "skinpath": "Clothing/02/0026/Rigs/01/Skin.02.0026.01.02.0000",
    "tagtype": "vat",
    "vatmax": 0.03251509740948677,
    "vatmin": -0.035310838371515274,
    "weight": 2
}