{
    "age": 2,
    "clothingelement": 2,
    "clothingid": 27,
    "description": "Trochilus Boost",
    "filetype": 3,
    "gender": 1,
    "height": 3,
    "loadWeightsFromMesh": 1,
    "meshpath": "Mesh.02.0027.02.01.0000",
    "skinpath": "Clothing/02/0027/Rigs/02/Skin.02.0027.02.01.0000",
    "tagtype": "vat",
    "vatmax": 0.029987191781401634,
    "vatmin": -0.024617165327072144,
    "weight": 2
}