{
    "age": 2,
    "clothingelement": 2,
    "clothingid": 27,
    "description": "Trochilus Boost",
    "filetype": 3,
    "gender": 2,
    "height": 3,
    "loadWeightsFromMesh": 1,
    "meshpath": "Mesh.02.0027.02.02.0000",
    "skinpath": "Clothing/02/0027/Rigs/02/Skin.02.0027.02.02.0000",
    "tagtype": "vat",
    "vatmax": 0.030255259945988655,
    "vatmin": -0.024843748658895493,
    "weight": 2
}