{
    "age": 5,
    "clothingelement": 2,
    "clothingid": 38,
    "description": "MARTIN WEDGE LACE BOOT",
    "filetype": 3,
    "gender": 2,
    "height": 2,
    "loadWeightsFromMesh": 1,
    "meshpath": "Mesh.02.0038.05.02.0000",
    "skinpath": "Clothing/02/0038/Rigs/05/Skin.02.0038.05.02.0000",
    "tagtype": "vat",
    "vatmax": 0.008019384928047657,
    "vatmin": -0.010271663777530193,
    "weight": 3
}