{
    "age": 5,
    "clothingelement": 2,
    "clothingid": 38,
    "description": "MARTIN WEDGE LACE BOOT",
    "filetype": 3,
    "gender": 2,
    "height": 3,
    "loadWeightsFromMesh": 1,
    "meshpath": "Mesh.02.0038.05.02.0000",
    "skinpath": "Clothing/02/0038/Rigs/05/Skin.02.0038.05.02.0000",
    "tagtype": "vat",
    "vatmax": 0.029143981635570526,
    "vatmin": -0.017077550292015076,
    "weight": 3
}