{
    "age": 5,
    "clothingelement": 2,
    "clothingid": 38,
    "description": "MARTIN WEDGE LACE BOOT",
    "filetype": 3,
    "gender": 1,
    "height": 1,
    "loadWeightsFromMesh": 1,
    "meshpath": "Mesh.02.0038.05.01.0000",
    "skinpath": "Clothing/02/0038/Rigs/05/Skin.02.0038.05.01.0000",
    "tagtype": "vat",
    "vatmax": 0.018202437087893486,
    "vatmin": -0.023489588871598244,
    "weight": 2
}