{
    "age": 1,
    "clothingelement": 2,
    "clothingid": 54,
    "description": "JS WINGS 20 BLACK FLAG",
    "filetype": 3,
    "gender": 1,
    "height": 3,
    "loadWeightsFromMesh": 1,
    "meshpath": "Mesh.02.0054.01.01.0000",
    "skinpath": "Clothing/02/0054/Rigs/01/Skin.02.0054.01.01.0000",
    "tagtype": "vat",
    "vatmax": 0.04494185373187065,
    "vatmin": -0.03520923852920532,
    "weight": 2
}