{
    "age": 1,
    "clothingelement": 2,
    "clothingid": 54,
    "description": "JS WINGS 20 BLACK FLAG",
    "filetype": 3,
    "gender": 2,
    "height": 3,
    "loadWeightsFromMesh": 1,
    "meshpath": "Mesh.02.0054.01.02.0000",
    "skinpath": "Clothing/02/0054/Rigs/01/Skin.02.0054.01.02.0000",
    "tagtype": "vat",
    "vatmax": 0.043903280049562454,
    "vatmin": -0.035056184977293015,
    "weight": 2
}