{
    "age": 1,
    "clothingelement": 2,
    "clothingid": 54,
    "description": "JS WINGS 20 BLACK FLAG",
    "filetype": 3,
    "gender": 1,
    "height": 1,
    "loadWeightsFromMesh": 1,
    "meshpath": "Mesh.02.0054.01.01.0000",
    "skinpath": "Clothing/02/0054/Rigs/01/Skin.02.0054.01.01.0000",
    "tagtype": "vat",
    "vatmax": 9.53674295089968e-09,
    "vatmin": -1.192092824453539e-08,
    "weight": 2
}