{
    "age": 2,
    "clothingelement": 2,
    "clothingid": 22,
    "description": "Crazy Shadow 2",
    "filetype": 3,
    "gender": 1,
    "height": 2,
    "loadWeightsFromMesh": 1,
    "meshpath": "Mesh.02.0022.02.01.0000",
    "skinpath": "Clothing/02/0022/Rigs/02/Skin.02.0022.02.01.0000",
    "tagtype": "vat",
    "vatmax": 2.38418573772492e-09,
    "vatmin": -1.7881393032936899e-09,
    "weight": 3
}