{
    "age": 2,
    "clothingelement": 2,
    "clothingid": 22,
    "description": "Crazy Shadow 2",
    "filetype": 3,
    "gender": 2,
    "height": 3,
    "loadWeightsFromMesh": 1,
    "meshpath": "Mesh.02.0022.02.02.0000",
    "skinpath": "Clothing/02/0022/Rigs/02/Skin.02.0022.02.02.0000",
    "tagtype": "vat",
    "vatmax": 0.030010022222995758,
    "vatmin": -0.024907102808356285,
    "weight": 2
}