{
    "age": 2,
    "clothingelement": 2,
    "clothingid": 22,
    "description": "Crazy Shadow 2",
    "filetype": 3,
    "gender": 1,
    "height": 3,
    "loadWeightsFromMesh": 1,
    "meshpath": "Mesh.02.0022.02.01.0000",
    "skinpath": "Clothing/02/0022/Rigs/02/Skin.02.0022.02.01.0000",
    "tagtype": "vat",
    "vatmax": 0.02953328937292099,
    "vatmin": -0.02473265677690506,
    "weight": 2
}