{
    "age": 7,
    "clothingelement": 3,
    "clothingid": 1,
    "description": "Jeans",
    "filetype": 3,
    "gender": 2,
    "height": 1,
    "loadWeightsFromMesh": 1,
    "meshpath": "Mesh.03.0001.07.02.0000",
    "skinpath": "Clothing/03/0001/Rigs/07/Skin.03.0001.07.02.0000",
    "tagtype": "vat",
    "vatmax": 2.8610228852699038e-08,
    "vatmin": -7.629394360719743e-08,
    "weight": 2
}