{
    "age": 7,
    "clothingelement": 3,
    "clothingid": 1,
    "description": "Jeans",
    "filetype": 3,
    "gender": 1,
    "height": 2,
    "loadWeightsFromMesh": 1,
    "meshpath": "Mesh.03.0001.07.01.0000",
    "skinpath": "Clothing/03/0001/Rigs/07/Skin.03.0001.07.01.0000",
    "tagtype": "vat",
    "vatmax": 0.00018264769460074604,
    "vatmin": -0.000791227794252336,
    "weight": 3
}