{
    "age": 3,
    "clothingelement": 2,
    "clothingid": 4,
    "description": "D-Rose Englewood II",
    "filetype": 3,
    "gender": 2,
    "height": 1,
    "loadWeightsFromMesh": 1,
    "meshpath": "Mesh.02.0004.03.02.0000",
    "skinpath": "Clothing/02/0004/Rigs/03/Skin.02.0004.03.02.0000",
    "tagtype": "vat",
    "vatmax": 2.8610228852699038e-08,
    "vatmin": -1.4305114426349519e-08,
    "weight": 2
}