{
    "age": 3,
    "clothingelement": 2,
    "clothingid": 4,
    "description": "Dragon W",
    "filetype": 3,
    "gender": 1,
    "height": 2,
    "loadWeightsFromMesh": 1,
    "meshpath": "Mesh.02.0004.03.01.0000",
    "skinpath": "Clothing/02/0004/Rigs/03/Skin.02.0004.03.01.0000",
    "tagtype": "vat",
    "vatmax": 2.8610228852699038e-08,
    "vatmin": -9.53674295089968e-09,
    "weight": 2
}