{
    "age": 5,
    "clothingelement": 2,
    "clothingid": 54,
    "description": "JS WINGS 20 BLACK FLAG",
    "filetype": 3,
    "gender": 1,
    "height": 1,
    "loadWeightsFromMesh": 1,
    "meshpath": "Mesh.02.0054.05.01.0000",
    "skinpath": "Clothing/02/0054/Rigs/05/Skin.02.0054.05.01.0000",
    "tagtype": "vat",
    "vatmax": 0.0304537583142519,
    "vatmin": -0.032859668135643005,
    "weight": 3
}