{
    "age": 5,
    "clothingelement": 2,
    "clothingid": 54,
    "description": "JS WINGS 20 BLACK FLAG",
    "filetype": 3,
    "gender": 2,
    "height": 3,
    "loadWeightsFromMesh": 1,
    "meshpath": "Mesh.02.0054.05.02.0000",
    "skinpath": "Clothing/02/0054/Rigs/05/Skin.02.0054.05.02.0000",
    "tagtype": "vat",
    "vatmax": 0.08491594344377518,
    "vatmin": -0.022567281499505043,
    "weight": 1
}