{
    "age": 5,
    "clothingelement": 2,
    "clothingid": 54,
    "description": "JS WINGS 20 BLACK FLAG",
    "filetype": 3,
    "gender": 2,
    "height": 1,
    "loadWeightsFromMesh": 1,
    "meshpath": "Mesh.02.0054.05.02.0000",
    "skinpath": "Clothing/02/0054/Rigs/05/Skin.02.0054.05.02.0000",
    "tagtype": "vat",
    "vatmax": 0.02376076579093933,
    "vatmin": -0.026985960081219673,
    "weight": 2
}