{
    "age": 5,
    "clothingelement": 2,
    "clothingid": 54,
    "description": "JS WINGS 20 BLACK FLAG",
    "filetype": 3,
    "gender": 2,
    "height": 2,
    "loadWeightsFromMesh": 1,
    "meshpath": "Mesh.02.0054.05.02.0000",
    "skinpath": "Clothing/02/0054/Rigs/05/Skin.02.0054.05.02.0000",
    "tagtype": "vat",
    "vatmax": 1.907348590179936e-08,
    "vatmin": -1.4305114426349519e-08,
    "weight": 2
}