{
    "age": 1,
    "clothingelement": 2,
    "clothingid": 4,
    "description": "Dragon W",
    "filetype": 3,
    "gender": 1,
    "height": 3,
    "loadWeightsFromMesh": 1,
    "meshpath": "Mesh.02.0004.01.01.0000",
    "skinpath": "Clothing/02/0004/Rigs/01/Skin.02.0004.01.01.0000",
    "tagtype": "vat",
    "vatmax": 0.03253722935914993,
    "vatmin": -0.036272358149290085,
    "weight": 2
}