{
    "age": 5,
    "clothingelement": 2,
    "clothingid": 60,
    "description": "Womens Teva Capistrano Bootie",
    "filetype": 3,
    "gender": 2,
    "height": 2,
    "loadWeightsFromMesh": 1,
    "meshpath": "Mesh.02.0060.05.02.0000",
    "skinpath": "Clothing/02/0060/Rigs/05/Skin.02.0060.05.02.0000",
    "tagtype": "vat",
    "vatmax": 0.0074825044721364975,
    "vatmin": -0.008338422514498234,
    "weight": 3
}