{
    "age": 5,
    "clothingelement": 2,
    "clothingid": 60,
    "description": "",
    "filetype": 3,
    "gender": 2,
    "height": 3,
    "loadWeightsFromMesh": 1,
    "meshpath": "Mesh.02.0060.05.02.0000",
    "skinpath": "Clothing/02/0060/Rigs/05/Skin.02.0060.05.02.0000",
    "tagtype": "vat",
    "vatmax": 0.08028041571378708,
    "vatmin": -0.022420959547162056,
    "weight": 1
}