{
    "age": 7,
    "clothingelement": 2,
    "clothingid": 19,
    "description": "Samoa",
    "filetype": 3,
    "gender": 1,
    "height": 3,
    "loadWeightsFromMesh": 1,
    "meshpath": "Mesh.02.0019.07.01.0000",
    "skinpath": "Clothing/02/0019/Rigs/07/Skin.02.0019.07.01.0000",
    "tagtype": "vat",
    "vatmax": 4.76837147544984e-09,
    "vatmin": -9.53674295089968e-09,
    "weight": 2
}