{
    "age": 1,
    "clothingelement": 2,
    "clothingid": 5,
    "description": "Dragon W",
    "filetype": 3,
    "gender": 2,
    "height": 3,
    "loadWeightsFromMesh": 1,
    "meshpath": "Mesh.02.0005.01.02.0000",
    "skinpath": "Clothing/02/0005/Rigs/01/Skin.02.0005.01.02.0000",
    "tagtype": "vat",
    "vatmax": 0.03246498107910156,
    "vatmin": -0.03436807915568352,
    "weight": 2
}