{
    "age": 1,
    "clothingelement": 2,
    "clothingid": 5,
    "description": "Dragon W",
    "filetype": 3,
    "gender": 1,
    "height": 3,
    "loadWeightsFromMesh": 1,
    "meshpath": "Mesh.02.0005.01.01.0000",
    "skinpath": "Clothing/02/0005/Rigs/01/Skin.02.0005.01.01.0000",
    "tagtype": "vat",
    "vatmax": 0.03235999867320061,
    "vatmin": -0.0346231572329998,
    "weight": 2
}