{
    "age": 5,
    "clothingelement": 2,
    "clothingid": 52,
    "description": "Crazy 8",
    "filetype": 3,
    "gender": 1,
    "height": 3,
    "loadWeightsFromMesh": 1,
    "meshpath": "Mesh.02.0052.05.01.0000",
    "skinpath": "Clothing/02/0052/Rigs/05/Skin.02.0052.05.01.0000",
    "tagtype": "vat",
    "vatmax": 0.03662420064210892,
    "vatmin": -0.028591584414243698,
    "weight": 3
}