{
    "age": 7,
    "clothingelement": 4,
    "clothingid": 0,
    "description": "Bucket Hat 00",
    "filetype": 3,
    "gender": 2,
    "height": 2,
    "loadWeightsFromMesh": 1,
    "meshpath": "Mesh.04.0000.07.02.0000",
    "skinpath": "Clothing/04/0000/Rigs/07/Skin.04.0000.07.02.0000",
    "tagtype": "vat",
    "vatmax": 7.534026735811494e-07,
    "vatmin": -8.29696659820911e-07,
    "weight": 1
}