{
    "age": 2,
    "clothingelement": 4,
    "clothingid": 0,
    "description": "Bucket Hat 00",
    "filetype": 3,
    "gender": 1,
    "height": 2,
    "loadWeightsFromMesh": 1,
    "meshpath": "Mesh.04.0000.02.01.0000",
    "skinpath": "Clothing/04/0000/Rigs/02/Skin.04.0000.02.01.0000",
    "tagtype": "vat",
    "vatmax": 1.907348590179936e-08,
    "vatmin": -1.4305114426349519e-08,
    "weight": 3
}