{
    "age": 2,
    "clothingelement": 4,
    "clothingid": 0,
    "description": "Bucket Hat 00",
    "filetype": 3,
    "gender": 2,
    "height": 3,
    "loadWeightsFromMesh": 1,
    "meshpath": "Mesh.04.0000.02.02.0000",
    "skinpath": "Clothing/04/0000/Rigs/02/Skin.04.0000.02.02.0000",
    "tagtype": "vat",
    "vatmax": 0.25676488876342773,
    "vatmin": -0.014457502402365208,
    "weight": 2
}