{
    "age": 5,
    "clothingelement": 1,
    "clothingid": 8,
    "description": "seaside_sue_top",
    "filetype": 3,
    "gender": 2,
    "height": 2,
    "loadWeightsFromMesh": 1,
    "meshpath": "Mesh.01.0008.05.02.0000",
    "skinpath": "Clothing/01/0008/Rigs/05/Skin.01.0008.05.02.0000",
    "tagtype": "vat",
    "vatmax": 0.01681419275701046,
    "vatmin": -0.03205256536602974,
    "weight": 1
}