{
    "age": 5,
    "clothingelement": 1,
    "clothingid": 8,
    "description": "seaside_sue_top",
    "filetype": 3,
    "gender": 1,
    "height": 1,
    "loadWeightsFromMesh": 1,
    "meshpath": "Mesh.01.0008.05.01.0000",
    "skinpath": "Clothing/01/0008/Rigs/05/Skin.01.0008.05.01.0000",
    "tagtype": "vat",
    "vatmax": 0.024015026167035103,
    "vatmin": -0.2533607482910156,
    "weight": 2
}