{
    "age": 5,
    "clothingelement": 1,
    "clothingid": 8,
    "description": "seaside_sue_top",
    "filetype": 3,
    "gender": 1,
    "height": 2,
    "loadWeightsFromMesh": 1,
    "meshpath": "Mesh.01.0008.05.01.0000",
    "skinpath": "Clothing/01/0008/Rigs/05/Skin.01.0008.05.01.0000",
    "tagtype": "vat",
    "vatmax": 0.03878417983651161,
    "vatmin": -0.039621226489543915,
    "weight": 1
}