{
    "age": 2,
    "clothingelement": 2,
    "clothingid": 11,
    "description": "Leather Formal Shoes",
    "filetype": 3,
    "gender": 2,
    "height": 3,
    "loadWeightsFromMesh": 1,
    "meshpath": "Mesh.02.0011.02.02.0000",
    "skinpath": "Clothing/02/0011/Rigs/02/Skin.02.0011.02.02.0000",
    "tagtype": "vat",
    "vatmax": 0.030291642993688583,
    "vatmin": -0.0247941967099905,
    "weight": 2
}