{
    "age": 2,
    "clothingelement": 2,
    "clothingid": 11,
    "description": "Leather Formal Shoes",
    "filetype": 3,
    "gender": 1,
    "height": 3,
    "loadWeightsFromMesh": 1,
    "meshpath": "Mesh.02.0011.02.01.0000",
    "skinpath": "Clothing/02/0011/Rigs/02/Skin.02.0011.02.01.0000",
    "tagtype": "vat",
    "vatmax": 0.02976684458553791,
    "vatmin": -0.024699993431568146,
    "weight": 2
}