{
    "age": 5,
    "clothingelement": 3,
    "clothingid": 6,
    "description": "training_tights",
    "filetype": 3,
    "gender": 2,
    "height": 2,
    "loadWeightsFromMesh": 1,
    "meshpath": "Mesh.03.0006.05.02.0000",
    "skinpath": "Clothing/03/0006/Rigs/05/Skin.03.0006.05.02.0000",
    "tagtype": "vat",
    "vatmax": 0.09035199135541916,
    "vatmin": -0.06639158725738525,
    "weight": 3
}