{
    "age": 5,
    "clothingelement": 3,
    "clothingid": 6,
    "description": "training_tights",
    "filetype": 3,
    "gender": 1,
    "height": 3,
    "loadWeightsFromMesh": 1,
    "meshpath": "Mesh.03.0006.05.01.0000",
    "skinpath": "Clothing/03/0006/Rigs/05/Skin.03.0006.05.01.0000",
    "tagtype": "vat",
    "vatmax": 0.17226263880729675,
    "vatmin": -0.001420433516614139,
    "weight": 2
}