{
    "age": 2,
    "clothingelement": 2,
    "clothingid": 56,
    "description": "Reebok BREAKPOINT LO 2V",
    "filetype": 3,
    "gender": 2,
    "height": 3,
    "loadWeightsFromMesh": 1,
    "meshpath": "Mesh.02.0056.02.02.0000",
    "skinpath": "Clothing/02/0056/Rigs/02/Skin.02.0056.02.02.0000",
    "tagtype": "vat",
    "vatmax": 0.029781006276607513,
    "vatmin": -0.024725141003727913,
    "weight": 2
}