{
    "age": 2,
    "clothingelement": 2,
    "clothingid": 56,
    "description": "Reebok BREAKPOINT LO 2V",
    "filetype": 3,
    "gender": 1,
    "height": 3,
    "loadWeightsFromMesh": 1,
    "meshpath": "Mesh.02.0056.02.01.0000",
    "skinpath": "Clothing/02/0056/Rigs/02/Skin.02.0056.02.01.0000",
    "tagtype": "vat",
    "vatmax": 0.02941853366792202,
    "vatmin": -0.02454676665365696,
    "weight": 2
}