{
    "age": 5,
    "clothingelement": 2,
    "clothingid": 37,
    "description": "Mens Billfish Slip On in Tan Beige",
    "filetype": 3,
    "gender": 1,
    "height": 2,
    "loadWeightsFromMesh": 1,
    "meshpath": "Mesh.02.0037.05.01.0000",
    "skinpath": "Clothing/02/0037/Rigs/05/Skin.02.0037.05.01.0000",
    "tagtype": "vat",
    "vatmax": 0.0013128089485689998,
    "vatmin": -0.0011607694905251265,
    "weight": 1
}