{
    "age": 3,
    "clothingelement": 2,
    "clothingid": 6,
    "description": "Girls Deckhand ",
    "filetype": 3,
    "gender": 2,
    "height": 2,
    "loadWeightsFromMesh": 1,
    "meshpath": "Mesh.02.0006.03.02.0000",
    "skinpath": "Clothing/02/0006/Rigs/03/Skin.02.0006.03.02.0000",
    "tagtype": "vat",
    "vatmax": 5.2452087118126656e-08,
    "vatmin": -1.4305114426349519e-08,
    "weight": 3
}