{
    "age": 5,
    "clothingelement": 1,
    "clothingid": 11,
    "description": "seaside_sue_top",
    "filetype": 3,
    "gender": 1,
    "height": 1,
    "loadWeightsFromMesh": 1,
    "meshpath": "Mesh.01.0011.05.01.0000",
    "skinpath": "Clothing/01/0011/Rigs/05/Skin.01.0011.05.01.0000",
    "tagtype": "vat",
    "vatmax": 0.09099944680929184,
    "vatmin": -0.28122588992118835,
    "weight": 2
}