{
    "age": 5,
    "clothingelement": 1,
    "clothingid": 11,
    "description": "seaside_sue_top",
    "filetype": 3,
    "gender": 2,
    "height": 3,
    "loadWeightsFromMesh": 1,
    "meshpath": "Mesh.01.0011.05.02.0000",
    "skinpath": "Clothing/01/0011/Rigs/05/Skin.01.0011.05.02.0000",
    "tagtype": "vat",
    "vatmax": 0.2132778912782669,
    "vatmin": -0.06923751533031464,
    "weight": 2
}