{
    "age": 2,
    "clothingelement": 2,
    "clothingid": 23,
    "description": "Reebok FS-HI-INT-R12",
    "filetype": 3,
    "gender": 1,
    "height": 3,
    "loadWeightsFromMesh": 1,
    "meshpath": "Mesh.02.0023.02.01.0000",
    "skinpath": "Clothing/02/0023/Rigs/02/Skin.02.0023.02.01.0000",
    "tagtype": "vat",
    "vatmax": 0.030025243759155273,
    "vatmin": -0.02470250055193901,
    "weight": 2
}