{
    "age": 2,
    "clothingelement": 2,
    "clothingid": 23,
    "description": "Reebok FS-HI-INT-R12",
    "filetype": 3,
    "gender": 2,
    "height": 3,
    "loadWeightsFromMesh": 1,
    "meshpath": "Mesh.02.0023.02.02.0000",
    "skinpath": "Clothing/02/0023/Rigs/02/Skin.02.0023.02.02.0000",
    "tagtype": "vat",
    "vatmax": 0.03005191683769226,
    "vatmin": -0.024858340620994568,
    "weight": 2
}