{
    "age": 1,
    "clothingelement": 1,
    "clothingid": 2,
    "description": "Jara Knit Tunic",
    "filetype": 3,
    "gender": 1,
    "height": 3,
    "loadWeightsFromMesh": 1,
    "meshpath": "Mesh.01.0002.01.01.0000",
    "skinpath": "Clothing/01/0002/Rigs/01/Skin.01.0002.01.01.0000",
    "tagtype": "vat",
    "vatmax": 0.23361876606941223,
    "vatmin": -0.059003811329603195,
    "weight": 2
}