{
    "age": 1,
    "clothingelement": 1,
    "clothingid": 2,
    "description": "Jara Knit Tunic",
    "filetype": 3,
    "gender": 2,
    "height": 3,
    "loadWeightsFromMesh": 1,
    "meshpath": "Mesh.01.0002.01.02.0000",
    "skinpath": "Clothing/01/0002/Rigs/01/Skin.01.0002.01.02.0000",
    "tagtype": "vat",
    "vatmax": 0.23350253701210022,
    "vatmin": -0.05903354659676552,
    "weight": 2
}