{
    "age": 1,
    "clothingelement": 2,
    "clothingid": 6,
    "description": "Girls Deckhand ",
    "filetype": 3,
    "gender": 1,
    "height": 3,
    "loadWeightsFromMesh": 1,
    "meshpath": "Mesh.02.0006.01.01.0000",
    "skinpath": "Clothing/02/0006/Rigs/01/Skin.02.0006.01.01.0000",
    "tagtype": "vat",
    "vatmax": 0.032366055995225906,
    "vatmin": -0.0349956713616848,
    "weight": 2
}