{
    "age": 1,
    "clothingelement": 2,
    "clothingid": 6,
    "description": "Girls Deckhand ",
    "filetype": 3,
    "gender": 2,
    "height": 3,
    "loadWeightsFromMesh": 1,
    "meshpath": "Mesh.02.0006.01.02.0000",
    "skinpath": "Clothing/02/0006/Rigs/01/Skin.02.0006.01.02.0000",
    "tagtype": "vat",
    "vatmax": 0.03237032890319824,
    "vatmin": -0.03493856266140938,
    "weight": 2
}