{
    "age": 2,
    "clothingelement": 2,
    "clothingid": 57,
    "description": "Reebok SH NEWPORT LOW",
    "filetype": 3,
    "gender": 2,
    "height": 3,
    "loadWeightsFromMesh": 1,
    "meshpath": "Mesh.02.0057.02.02.0000",
    "skinpath": "Clothing/02/0057/Rigs/02/Skin.02.0057.02.02.0000",
    "tagtype": "vat",
    "vatmax": 0.02982415072619915,
    "vatmin": -0.02483072318136692,
    "weight": 2
}