{
    "age": 2,
    "clothingelement": 2,
    "clothingid": 57,
    "description": "Reebok SH NEWPORT LOW",
    "filetype": 3,
    "gender": 1,
    "height": 3,
    "loadWeightsFromMesh": 1,
    "meshpath": "Mesh.02.0057.02.01.0000",
    "skinpath": "Clothing/02/0057/Rigs/02/Skin.02.0057.02.01.0000",
    "tagtype": "vat",
    "vatmax": 0.02917318232357502,
    "vatmin": -0.024700164794921875,
    "weight": 2
}