{
    "age": 3,
    "clothingelement": 3,
    "clothingid": 8,
    "description": "jeans",
    "filetype": 3,
    "gender": 1,
    "height": 1,
    "loadWeightsFromMesh": 1,
    "meshpath": "Mesh.03.0008.03.01.0000",
    "skinpath": "Clothing/03/0008/Rigs/03/Skin.03.0008.03.01.0000",
    "tagtype": "vat",
    "vatmax": 2.288818308215923e-07,
    "vatmin": -1.335144048653092e-07,
    "weight": 2
}