{
    "age": 2,
    "clothingelement": 1,
    "clothingid": 2,
    "description": "Jara Knit Tunic",
    "filetype": 3,
    "gender": 2,
    "height": 3,
    "loadWeightsFromMesh": 1,
    "meshpath": "Mesh.01.0002.02.02.0000",
    "skinpath": "Clothing/01/0002/Rigs/02/Skin.01.0002.02.02.0000",
    "tagtype": "vat",
    "vatmax": 0.22792503237724304,
    "vatmin": -0.06924602389335632,
    "weight": 2
}