{
    "age": 2,
    "clothingelement": 2,
    "clothingid": 45,
    "description": "Reebok SL FLIP UPDATE",
    "filetype": 3,
    "gender": 1,
    "height": 3,
    "loadWeightsFromMesh": 1,
    "meshpath": "Mesh.02.0045.02.01.0000",
    "skinpath": "Clothing/02/0045/Rigs/02/Skin.02.0045.02.01.0000",
    "tagtype": "vat",
    "vatmax": 0.030631793662905693,
    "vatmin": -0.024549655616283417,
    "weight": 2
}