{
    "age": 2,
    "clothingelement": 2,
    "clothingid": 25,
    "description": "Reebok CLASSIC LEGACY II",
    "filetype": 3,
    "gender": 1,
    "height": 3,
    "loadWeightsFromMesh": 1,
    "meshpath": "Mesh.02.0025.02.01.0000",
    "skinpath": "Clothing/02/0025/Rigs/02/Skin.02.0025.02.01.0000",
    "tagtype": "vat",
    "vatmax": 0.03783779963850975,
    "vatmin": -0.024634122848510742,
    "weight": 2
}