{
    "age": 2,
    "clothingelement": 2,
    "clothingid": 25,
    "description": "Reebok CLASSIC LEGACY II",
    "filetype": 3,
    "gender": 2,
    "height": 3,
    "loadWeightsFromMesh": 1,
    "meshpath": "Mesh.02.0025.02.02.0000",
    "skinpath": "Clothing/02/0025/Rigs/02/Skin.02.0025.02.02.0000",
    "tagtype": "vat",
    "vatmax": 0.03798725828528404,
    "vatmin": -0.024794407188892365,
    "weight": 2
}