{
    "age": 2,
    "clothingelement": 6,
    "clothingid": 2,
    "description": "Princess Dress",
    "filetype": 3,
    "gender": 2,
    "height": 3,
    "loadWeightsFromMesh": 1,
    "meshpath": "Mesh.06.0002.02.02.0000",
    "skinpath": "Clothing/06/0002/Rigs/02/Skin.06.0002.02.02.0000",
    "tagtype": "vat",
    "vatmax": 0.2274792492389679,
    "vatmin": -0.030658340081572533,
    "weight": 2
}