{
    "age": 5,
    "clothingelement": 1,
    "clothingid": 0,
    "description": "Evie Knit Top",
    "filetype": 3,
    "gender": 1,
    "height": 3,
    "loadWeightsFromMesh": 1,
    "meshpath": "Mesh.01.0000.05.01.0000",
    "skinpath": "Clothing/01/0000/Rigs/05/Skin.01.0000.05.01.0000",
    "tagtype": "vat",
    "vatmax": 0.2151629626750946,
    "vatmin": -0.006790447048842907,
    "weight": 2
}