{
    "age": 5,
    "clothingelement": 1,
    "clothingid": 0,
    "description": "Evie Knit Top",
    "filetype": 3,
    "gender": 2,
    "height": 1,
    "loadWeightsFromMesh": 1,
    "meshpath": "Mesh.01.0000.05.02.0000",
    "skinpath": "Clothing/01/0000/Rigs/05/Skin.01.0000.05.02.0000",
    "tagtype": "vat",
    "vatmax": 0.027477720752358437,
    "vatmin": -0.2552925944328308,
    "weight": 2
}