{
    "age": 1,
    "clothingelement": 2,
    "clothingid": 39,
    "description": "Reebok FUEL TRAIN",
    "filetype": 3,
    "gender": 2,
    "height": 3,
    "loadWeightsFromMesh": 1,
    "meshpath": "Mesh.02.0039.01.02.0000",
    "skinpath": "Clothing/02/0039/Rigs/01/Skin.02.0039.01.02.0000",
    "tagtype": "vat",
    "vatmax": 0.032598208636045456,
    "vatmin": -0.0350334532558918,
    "weight": 2
}