{
    "age": 5,
    "clothingelement": 2,
    "clothingid": 43,
    "description": "D ROSE 45",
    "filetype": 3,
    "gender": 1,
    "height": 3,
    "loadWeightsFromMesh": 1,
    "meshpath": "Mesh.02.0043.05.01.0000",
    "skinpath": "Clothing/02/0043/Rigs/05/Skin.02.0043.05.01.0000",
    "tagtype": "vat",
    "vatmax": 0.031135348603129387,
    "vatmin": -0.03014763817191124,
    "weight": 3
}