{
    "age": 7,
    "clothingelement": 2,
    "clothingid": 1,
    "description": "11 Pro SL TRX FG",
    "filetype": 3,
    "gender": 1,
    "height": 2,
    "loadWeightsFromMesh": 1,
    "meshpath": "Mesh.02.0001.07.01.0000",
    "skinpath": "Clothing/02/0001/Rigs/07/Skin.02.0001.07.01.0000",
    "tagtype": "vat",
    "vatmax": 2.38418573772492e-09,
    "vatmin": -2.38418573772492e-09,
    "weight": 3
}