{
    "age": 1,
    "clothingelement": 2,
    "clothingid": 38,
    "description": "MARTIN WEDGE LACE BOOT",
    "filetype": 3,
    "gender": 2,
    "height": 3,
    "loadWeightsFromMesh": 1,
    "meshpath": "Mesh.02.0038.01.02.0000",
    "skinpath": "Clothing/02/0038/Rigs/01/Skin.02.0038.01.02.0000",
    "tagtype": "vat",
    "vatmax": 0.043392229825258255,
    "vatmin": -0.03563335910439491,
    "weight": 2
}