{
    "age": 7,
    "clothingelement": 2,
    "clothingid": 52,
    "description": "Crazy 8",
    "filetype": 3,
    "gender": 1,
    "height": 2,
    "loadWeightsFromMesh": 1,
    "meshpath": "Mesh.02.0052.07.01.0000",
    "skinpath": "Clothing/02/0052/Rigs/07/Skin.02.0052.07.01.0000",
    "tagtype": "vat",
    "vatmax": 0.00952695868909359,
    "vatmin": -0.010902919806540012,
    "weight": 2
}