{
    "age": 7,
    "clothingelement": 2,
    "clothingid": 52,
    "description": "Crazy 8",
    "filetype": 3,
    "gender": 2,
    "height": 2,
    "loadWeightsFromMesh": 1,
    "meshpath": "Mesh.02.0052.07.02.0000",
    "skinpath": "Clothing/02/0052/Rigs/07/Skin.02.0052.07.02.0000",
    "tagtype": "vat",
    "vatmax": 0.010501638054847717,
    "vatmin": -0.011273803189396858,
    "weight": 3
}