{
    "age": 2,
    "clothingelement": 2,
    "clothingid": 13,
    "description": "Mens Largo Slip On Taupe",
    "filetype": 3,
    "gender": 1,
    "height": 3,
    "loadWeightsFromMesh": 1,
    "meshpath": "Mesh.02.0013.02.01.0000",
    "skinpath": "Clothing/02/0013/Rigs/02/Skin.02.0013.02.01.0000",
    "tagtype": "vat",
    "vatmax": 0.029260538518428802,
    "vatmin": -0.024798860773444176,
    "weight": 2
}