{
    "age": 2,
    "clothingelement": 2,
    "clothingid": 13,
    "description": "Mens Largo Slip On Taupe",
    "filetype": 3,
    "gender": 2,
    "height": 3,
    "loadWeightsFromMesh": 1,
    "meshpath": "Mesh.02.0013.02.02.0000",
    "skinpath": "Clothing/02/0013/Rigs/02/Skin.02.0013.02.02.0000",
    "tagtype": "vat",
    "vatmax": 0.02985130250453949,
    "vatmin": -0.024883640930056572,
    "weight": 2
}