{
    "age": 3,
    "clothingelement": 1,
    "clothingid": 5,
    "description": "T-Shirt 00",
    "filetype": 3,
    "gender": 2,
    "height": 1,
    "loadWeightsFromMesh": 1,
    "meshpath": "Mesh.01.0005.03.02.0000",
    "skinpath": "Clothing/01/0005/Rigs/03/Skin.01.0005.03.02.0000",
    "tagtype": "vat",
    "vatmax": 3.814697180359872e-08,
    "vatmin": -7.629394360719743e-08,
    "weight": 2
}