{
    "age": 3,
    "clothingelement": 1,
    "clothingid": 5,
    "description": "T-Shirt 00",
    "filetype": 3,
    "gender": 1,
    "height": 2,
    "loadWeightsFromMesh": 1,
    "meshpath": "Mesh.01.0005.03.01.0000",
    "skinpath": "Clothing/01/0005/Rigs/03/Skin.01.0005.03.01.0000",
    "tagtype": "vat",
    "vatmax": 1.907348590179936e-08,
    "vatmin": -1.907348590179936e-08,
    "weight": 1
}