{
    "age": 5,
    "clothingelement": 1,
    "clothingid": 3,
    "description": "Polo Shirt 00",
    "filetype": 3,
    "gender": 1,
    "height": 2,
    "loadWeightsFromMesh": 1,
    "meshpath": "Mesh.01.0003.05.01.0000",
    "skinpath": "Clothing/01/0003/Rigs/05/Skin.01.0003.05.01.0000",
    "tagtype": "vat",
    "vatmax": 2.6226043559063328e-08,
    "vatmin": -3.0517577442878974e-07,
    "weight": 2
}