{
    "age": 5,
    "clothingelement": 1,
    "clothingid": 3,
    "description": "Polo Shirt 00",
    "filetype": 3,
    "gender": 2,
    "height": 1,
    "loadWeightsFromMesh": 1,
    "meshpath": "Mesh.01.0003.05.02.0000",
    "skinpath": "Clothing/01/0003/Rigs/05/Skin.01.0003.05.02.0000",
    "tagtype": "vat",
    "vatmax": 0.04268199950456619,
    "vatmin": -0.2677001953125,
    "weight": 2
}