{
    "age": 5,
    "clothingelement": 1,
    "clothingid": 3,
    "description": "Polo Shirt 00",
    "filetype": 3,
    "gender": 1,
    "height": 3,
    "loadWeightsFromMesh": 1,
    "meshpath": "Mesh.01.0003.05.01.0000",
    "skinpath": "Clothing/01/0003/Rigs/05/Skin.01.0003.05.01.0000",
    "tagtype": "vat",
    "vatmax": 0.21619796752929688,
    "vatmin": -0.014865875244140625,
    "weight": 2
}