{
    "age": 5,
    "clothingelement": 1,
    "clothingid": 3,
    "description": "Polo Shirt 00",
    "filetype": 3,
    "gender": 2,
    "height": 2,
    "loadWeightsFromMesh": 1,
    "meshpath": "Mesh.01.0003.05.02.0000",
    "skinpath": "Clothing/01/0003/Rigs/05/Skin.01.0003.05.02.0000",
    "tagtype": "vat",
    "vatmax": 2.1696089902434323e-07,
    "vatmin": -2.288818308215923e-07,
    "weight": 2
}