{
    "age": 2,
    "clothingelement": 2,
    "clothingid": 39,
    "description": "Reebok FUEL TRAIN",
    "filetype": 3,
    "gender": 2,
    "height": 3,
    "loadWeightsFromMesh": 1,
    "meshpath": "Mesh.02.0039.02.02.0000",
    "skinpath": "Clothing/02/0039/Rigs/02/Skin.02.0039.02.02.0000",
    "tagtype": "vat",
    "vatmax": 0.02984621934592724,
    "vatmin": -0.024891367182135582,
    "weight": 2
}