{
    "age": 2,
    "clothingelement": 2,
    "clothingid": 39,
    "description": "Reebok FUEL TRAIN",
    "filetype": 3,
    "gender": 1,
    "height": 3,
    "loadWeightsFromMesh": 1,
    "meshpath": "Mesh.02.0039.02.01.0000",
    "skinpath": "Clothing/02/0039/Rigs/02/Skin.02.0039.02.01.0000",
    "tagtype": "vat",
    "vatmax": 0.029318122193217278,
    "vatmin": -0.024828681722283363,
    "weight": 2
}