{
    "age": 1,
    "clothingelement": 2,
    "clothingid": 1,
    "description": "11 Pro SL TRX FG",
    "filetype": 3,
    "gender": 2,
    "height": 2,
    "loadWeightsFromMesh": 1,
    "meshpath": "Mesh.02.0001.01.02.0000",
    "skinpath": "Clothing/02/0001/Rigs/01/Skin.02.0001.01.02.0000",
    "tagtype": "vat",
    "vatmax": 4.76837147544984e-09,
    "vatmin": -7.1525572131747595e-09,
    "weight": 2
}