{
    "age": 1,
    "clothingelement": 2,
    "clothingid": 1,
    "description": "11 Pro SL TRX FG",
    "filetype": 3,
    "gender": 2,
    "height": 3,
    "loadWeightsFromMesh": 1,
    "meshpath": "Mesh.02.0001.01.02.0000",
    "skinpath": "Clothing/02/0001/Rigs/01/Skin.02.0001.01.02.0000",
    "tagtype": "vat",
    "vatmax": 0.033036183565855026,
    "vatmin": -0.035325467586517334,
    "weight": 2
}