{
    "age": 1,
    "clothingelement": 2,
    "clothingid": 40,
    "description": "UGG Jena Womens Java 7",
    "filetype": 3,
    "gender": 2,
    "height": 3,
    "loadWeightsFromMesh": 1,
    "meshpath": "Mesh.02.0040.01.02.0000",
    "skinpath": "Clothing/02/0040/Rigs/01/Skin.02.0040.01.02.0000",
    "tagtype": "vat",
    "vatmax": 0.052569739520549774,
    "vatmin": -0.036796946078538895,
    "weight": 2
}