{
    "age": 1,
    "clothingelement": 2,
    "clothingid": 40,
    "description": "UGG Jena Womens Java 7",
    "filetype": 3,
    "gender": 1,
    "height": 3,
    "loadWeightsFromMesh": 1,
    "meshpath": "Mesh.02.0040.01.01.0000",
    "skinpath": "Clothing/02/0040/Rigs/01/Skin.02.0040.01.01.0000",
    "tagtype": "vat",
    "vatmax": 0.05343566834926605,
    "vatmin": -0.03670388087630272,
    "weight": 2
}