{
    "age": 5,
    "clothingelement": 1,
    "clothingid": 9,
    "description": "archie_woven_shirt",
    "filetype": 3,
    "gender": 1,
    "height": 2,
    "loadWeightsFromMesh": 1,
    "meshpath": "Mesh.01.0009.05.01.0000",
    "skinpath": "Clothing/01/0009/Rigs/05/Skin.01.0009.05.01.0000",
    "tagtype": "vat",
    "vatmax": 0.03727561980485916,
    "vatmin": -0.036920834332704544,
    "weight": 1
}