{
    "age": 1,
    "clothingelement": 6,
    "clothingid": 1,
    "description": "Overalls with shirt",
    "filetype": 3,
    "gender": 1,
    "height": 2,
    "loadWeightsFromMesh": 1,
    "meshpath": "Mesh.06.0001.01.01.0000",
    "skinpath": "Clothing/06/0001/Rigs/01/Skin.06.0001.01.01.0000",
    "tagtype": "vat",
    "vatmax": 0.0009607696556486189,
    "vatmin": -0.00015863895532675087,
    "weight": 2
}