{
    "age": 3,
    "clothingelement": 2,
    "clothingid": 5,
    "description": "Dragon W",
    "filetype": 3,
    "gender": 2,
    "height": 2,
    "loadWeightsFromMesh": 1,
    "meshpath": "Mesh.02.0005.03.02.0000",
    "skinpath": "Clothing/02/0005/Rigs/03/Skin.02.0005.03.02.0000",
    "tagtype": "vat",
    "vatmax": 9.53674295089968e-09,
    "vatmin": -1.0013580009626821e-07,
    "weight": 1
}