{
    "age": 5,
    "clothingelement": 2,
    "clothingid": 9,
    "description": "Grand Prix",
    "filetype": 3,
    "gender": 2,
    "height": 3,
    "loadWeightsFromMesh": 1,
    "meshpath": "Mesh.02.0009.05.02.0000",
    "skinpath": "Clothing/02/0009/Rigs/05/Skin.02.0009.05.02.0000",
    "tagtype": "vat",
    "vatmax": 0.049520041793584824,
    "vatmin": -0.02155284769833088,
    "weight": 1
}