{
    "age": 5,
    "clothingelement": 2,
    "clothingid": 9,
    "description": "Grand Prix",
    "filetype": 3,
    "gender": 1,
    "height": 3,
    "loadWeightsFromMesh": 1,
    "meshpath": "Mesh.02.0009.05.01.0000",
    "skinpath": "Clothing/02/0009/Rigs/05/Skin.02.0009.05.01.0000",
    "tagtype": "vat",
    "vatmax": 0.01614047959446907,
    "vatmin": -0.013745956122875214,
    "weight": 1
}