{
    "age": 5,
    "clothingelement": 2,
    "clothingid": 9,
    "description": "Grand Prix",
    "filetype": 3,
    "gender": 1,
    "height": 1,
    "loadWeightsFromMesh": 1,
    "meshpath": "Mesh.02.0009.05.01.0000",
    "skinpath": "Clothing/02/0009/Rigs/05/Skin.02.0009.05.01.0000",
    "tagtype": "vat",
    "vatmax": 0.017826853320002556,
    "vatmin": -0.02076747827231884,
    "weight": 2
}