{
    "age": 5,
    "clothingelement": 2,
    "clothingid": 9,
    "description": "Grand Prix",
    "filetype": 3,
    "gender": 2,
    "height": 3,
    "loadWeightsFromMesh": 1,
    "meshpath": "Mesh.02.0009.05.02.0000",
    "skinpath": "Clothing/02/0009/Rigs/05/Skin.02.0009.05.02.0000",
    "tagtype": "vat",
    "vatmax": 0.016416968777775764,
    "vatmin": -0.015532035380601883,
    "weight": 2
}