{
    "age": 5,
    "clothingelement": 2,
    "clothingid": 9,
    "description": "Grand Prix",
    "filetype": 3,
    "gender": 2,
    "height": 2,
    "loadWeightsFromMesh": 1,
    "meshpath": "Mesh.02.0009.05.02.0000",
    "skinpath": "Clothing/02/0009/Rigs/05/Skin.02.0009.05.02.0000",
    "tagtype": "vat",
    "vatmax": 0.005740480497479439,
    "vatmin": -0.0034683607518672943,
    "weight": 3
}