{
    "age": 1,
    "clothingelement": 4,
    "clothingid": 0,
    "description": "Bucket Hat 00",
    "filetype": 3,
    "gender": 2,
    "height": 3,
    "loadWeightsFromMesh": 1,
    "meshpath": "Mesh.04.0000.01.02.0000",
    "skinpath": "Clothing/04/0000/Rigs/01/Skin.04.0000.01.02.0000",
    "tagtype": "vat",
    "vatmax": 0.2652234733104706,
    "vatmin": -0.01587088592350483,
    "weight": 2
}