{
    "age": 1,
    "clothingelement": 4,
    "clothingid": 0,
    "description": "Bucket Hat 00",
    "filetype": 3,
    "gender": 2,
    "height": 2,
    "loadWeightsFromMesh": 1,
    "meshpath": "Mesh.04.0000.01.02.0000",
    "skinpath": "Clothing/04/0000/Rigs/01/Skin.04.0000.01.02.0000",
    "tagtype": "vat",
    "vatmax": 5.340576194612368e-07,
    "vatmin": -4.577636616431846e-07,
    "weight": 2
}