{
    "age": 1,
    "clothingelement": 4,
    "clothingid": 0,
    "description": "Bucket Hat 00",
    "filetype": 3,
    "gender": 1,
    "height": 3,
    "loadWeightsFromMesh": 1,
    "meshpath": "Mesh.04.0000.01.01.0000",
    "skinpath": "Clothing/04/0000/Rigs/01/Skin.04.0000.01.01.0000",
    "tagtype": "vat",
    "vatmax": 0.2652236223220825,
    "vatmin": -0.013197345659136772,
    "weight": 2
}