{
    "age": 1,
    "clothingelement": 4,
    "clothingid": 0,
    "description": "Bucket Hat 00",
    "filetype": 3,
    "gender": 1,
    "height": 1,
    "loadWeightsFromMesh": 1,
    "meshpath": "Mesh.04.0000.01.01.0000",
    "skinpath": "Clothing/04/0000/Rigs/01/Skin.04.0000.01.01.0000",
    "tagtype": "vat",
    "vatmax": 7.295608384083607e-07,
    "vatmin": -7.438659395120339e-07,
    "weight": 2
}