{
    "age": 1,
    "clothingelement": 2,
    "clothingid": 18,
    "description": "Sambe Hemp",
    "filetype": 3,
    "gender": 2,
    "height": 3,
    "loadWeightsFromMesh": 1,
    "meshpath": "Mesh.02.0018.01.02.0000",
    "skinpath": "Clothing/02/0018/Rigs/01/Skin.02.0018.01.02.0000",
    "tagtype": "vat",
    "vatmax": 0.03236038237810135,
    "vatmin": -0.03447224199771881,
    "weight": 2
}