{
    "age": 1,
    "clothingelement": 2,
    "clothingid": 18,
    "description": "Sambe Hemp",
    "filetype": 3,
    "gender": 1,
    "height": 3,
    "loadWeightsFromMesh": 1,
    "meshpath": "Mesh.02.0018.01.01.0000",
    "skinpath": "Clothing/02/0018/Rigs/01/Skin.02.0018.01.01.0000",
    "tagtype": "vat",
    "vatmax": 0.032271746546030045,
    "vatmin": -0.03463976830244064,
    "weight": 2
}