{
    "age": 1,
    "clothingelement": 2,
    "clothingid": 23,
    "description": "Reebok FS-HI-INT-R12",
    "filetype": 3,
    "gender": 1,
    "height": 3,
    "loadWeightsFromMesh": 1,
    "meshpath": "Mesh.02.0023.01.01.0000",
    "skinpath": "Clothing/02/0023/Rigs/01/Skin.02.0023.01.01.0000",
    "tagtype": "vat",
    "vatmax": 0.03241556137800217,
    "vatmin": -0.03587822988629341,
    "weight": 2
}