{
    "age": 1,
    "clothingelement": 2,
    "clothingid": 23,
    "description": "Reebok FS-HI-INT-R12",
    "filetype": 3,
    "gender": 2,
    "height": 3,
    "loadWeightsFromMesh": 1,
    "meshpath": "Mesh.02.0023.01.02.0000",
    "skinpath": "Clothing/02/0023/Rigs/01/Skin.02.0023.01.02.0000",
    "tagtype": "vat",
    "vatmax": 0.032518815249204636,
    "vatmin": -0.035772424191236496,
    "weight": 2
}