{
    "age": 1,
    "clothingelement": 4,
    "clothingid": 1,
    "description": "Baseball Cap 00",
    "filetype": 3,
    "gender": 1,
    "height": 3,
    "loadWeightsFromMesh": 1,
    "meshpath": "Mesh.04.0001.01.01.0000",
    "skinpath": "Clothing/04/0001/Rigs/01/Skin.04.0001.01.01.0000",
    "tagtype": "vat",
    "vatmax": 0.26517921686172485,
    "vatmin": -0.009449772536754608,
    "weight": 2
}