{
    "age": 1,
    "clothingelement": 4,
    "clothingid": 1,
    "description": "Baseball Cap 00",
    "filetype": 3,
    "gender": 2,
    "height": 3,
    "loadWeightsFromMesh": 1,
    "meshpath": "Mesh.04.0001.01.02.0000",
    "skinpath": "Clothing/04/0001/Rigs/01/Skin.04.0001.01.02.0000",
    "tagtype": "vat",
    "vatmax": 0.26517975330352783,
    "vatmin": -0.00944624375551939,
    "weight": 2
}