{
    "age": 1,
    "clothingelement": 4,
    "clothingid": 1,
    "description": "Baseball Cap 00",
    "filetype": 3,
    "gender": 1,
    "height": 2,
    "loadWeightsFromMesh": 1,
    "meshpath": "Mesh.04.0001.01.01.0000",
    "skinpath": "Clothing/04/0001/Rigs/01/Skin.04.0001.01.01.0000",
    "tagtype": "vat",
    "vatmax": 0.005015249364078045,
    "vatmin": -0.012404480017721653,
    "weight": 1
}