{
    "age": 1,
    "clothingelement": 2,
    "clothingid": 55,
    "description": "Reebok ZIGLITE RUSH",
    "filetype": 3,
    "gender": 1,
    "height": 3,
    "loadWeightsFromMesh": 1,
    "meshpath": "Mesh.02.0055.01.01.0000",
    "skinpath": "Clothing/02/0055/Rigs/01/Skin.02.0055.01.01.0000",
    "tagtype": "vat",
    "vatmax": 0.03262295573949814,
    "vatmin": -0.03597693517804146,
    "weight": 2
}