{
    "age": 1,
    "clothingelement": 2,
    "clothingid": 55,
    "description": "Reebok ZIGLITE RUSH",
    "filetype": 3,
    "gender": 2,
    "height": 3,
    "loadWeightsFromMesh": 1,
    "meshpath": "Mesh.02.0055.01.02.0000",
    "skinpath": "Clothing/02/0055/Rigs/01/Skin.02.0055.01.02.0000",
    "tagtype": "vat",
    "vatmax": 0.03274323418736458,
    "vatmin": -0.036147695034742355,
    "weight": 2
}