{
    "age": 1,
    "element": 1,
    "filetype": 3,
    "gender": 2,
    "height": 3,
    "loadWeightsFromMesh": 1,
    "meshpath": "Mesh.01.0000.01.02.0000",
    "skinpath": "/Character/01/0000/Rigs/01/Skin.01.0000.01.02.0000",
    "tagtype": "vat",
    "vatmax": 0.26534292101860046,
    "vatmin": -0.06948152184486389,
    "weight": 2
}