{
    "age": 2,
    "clothingelement": 2,
    "clothingid": 20,
    "description": "Santa Cruz Men",
    "filetype": 3,
    "gender": 2,
    "height": 3,
    "loadWeightsFromMesh": 1,
    "meshpath": "Mesh.02.0020.02.02.0000",
    "skinpath": "Clothing/02/0020/Rigs/02/Skin.02.0020.02.02.0000",
    "tagtype": "vat",
    "vatmax": 0.02974691241979599,
    "vatmin": -0.024657344445586205,
    "weight": 2
}