{
    "age": 2,
    "clothingelement": 2,
    "clothingid": 20,
    "description": "Santa Cruz Men",
    "filetype": 3,
    "gender": 1,
    "height": 3,
    "loadWeightsFromMesh": 1,
    "meshpath": "Mesh.02.0020.02.01.0000",
    "skinpath": "Clothing/02/0020/Rigs/02/Skin.02.0020.02.01.0000",
    "tagtype": "vat",
    "vatmax": 0.029185781255364418,
    "vatmin": -0.024545449763536453,
    "weight": 2
}