{
    "age": 5,
    "clothingelement": 2,
    "clothingid": 3,
    "description": "Colton Winter Chukka",
    "filetype": 3,
    "gender": 1,
    "height": 2,
    "loadWeightsFromMesh": 1,
    "meshpath": "Mesh.02.0003.05.01.0000",
    "skinpath": "Clothing/02/0003/Rigs/05/Skin.02.0003.05.01.0000",
    "tagtype": "vat",
    "vatmax": 0.006618719082325697,
    "vatmin": -0.006625508889555931,
    "weight": 1
}