{
    "age": 5,
    "clothingelement": 2,
    "clothingid": 3,
    "description": "Colton Winter Chukka",
    "filetype": 3,
    "gender": 2,
    "height": 1,
    "loadWeightsFromMesh": 1,
    "meshpath": "Mesh.02.0003.05.02.0000",
    "skinpath": "Clothing/02/0003/Rigs/05/Skin.02.0003.05.02.0000",
    "tagtype": "vat",
    "vatmax": 0.019901257008314133,
    "vatmin": -0.023329639807343483,
    "weight": 1
}