{
    "age": 5,
    "clothingelement": 2,
    "clothingid": 3,
    "description": "Colton Winter Chukka",
    "filetype": 3,
    "gender": 2,
    "height": 2,
    "loadWeightsFromMesh": 1,
    "meshpath": "Mesh.02.0003.05.02.0000",
    "skinpath": "Clothing/02/0003/Rigs/05/Skin.02.0003.05.02.0000",
    "tagtype": "vat",
    "vatmax": 0.006235432345420122,
    "vatmin": -0.006550874561071396,
    "weight": 3
}