{
    "age": 5,
    "clothingelement": 2,
    "clothingid": 3,
    "description": "Colton Winter Chukka",
    "filetype": 3,
    "gender": 2,
    "height": 3,
    "loadWeightsFromMesh": 1,
    "meshpath": "Mesh.02.0003.05.02.0000",
    "skinpath": "Clothing/02/0003/Rigs/05/Skin.02.0003.05.02.0000",
    "tagtype": "vat",
    "vatmax": 0.017636965960264206,
    "vatmin": -0.014994448982179165,
    "weight": 3
}