{
    "age": 3,
    "clothingelement": 2,
    "clothingid": 27,
    "description": "Trochilus Boost",
    "filetype": 3,
    "gender": 2,
    "height": 2,
    "loadWeightsFromMesh": 1,
    "meshpath": "Mesh.02.0027.03.02.0000",
    "skinpath": "Clothing/02/0027/Rigs/03/Skin.02.0027.03.02.0000",
    "tagtype": "vat",
    "vatmax": 9.53674295089968e-09,
    "vatmin": -1.3113021779531664e-08,
    "weight": 3
}