{
    "age": 2,
    "clothingelement": 2,
    "clothingid": 10,
    "description": "Great Jones Wingtip ",
    "filetype": 3,
    "gender": 2,
    "height": 3,
    "loadWeightsFromMesh": 1,
    "meshpath": "Mesh.02.0010.02.02.0000",
    "skinpath": "Clothing/02/0010/Rigs/02/Skin.02.0010.02.02.0000",
    "tagtype": "vat",
    "vatmax": 0.030530137941241264,
    "vatmin": -0.025010060518980026,
    "weight": 2
}