{
    "age": 2,
    "clothingelement": 2,
    "clothingid": 10,
    "description": "Great Jones Wingtip ",
    "filetype": 3,
    "gender": 1,
    "height": 3,
    "loadWeightsFromMesh": 1,
    "meshpath": "Mesh.02.0010.02.01.0000",
    "skinpath": "Clothing/02/0010/Rigs/02/Skin.02.0010.02.01.0000",
    "tagtype": "vat",
    "vatmax": 0.030079469084739685,
    "vatmin": -0.02488425187766552,
    "weight": 2
}