{
    "age": 5,
    "clothingelement": 2,
    "clothingid": 32,
    "description": "Reebok SH PRIME COURT LOW",
    "filetype": 3,
    "gender": 2,
    "height": 1,
    "loadWeightsFromMesh": 1,
    "meshpath": "Mesh.02.0032.05.02.0000",
    "skinpath": "Clothing/02/0032/Rigs/05/Skin.02.0032.05.02.0000",
    "tagtype": "vat",
    "vatmax": 0.023986196145415306,
    "vatmin": -0.026895025745034218,
    "weight": 2
}