{
    "age": 5,
    "clothingelement": 2,
    "clothingid": 32,
    "description": "Reebok SH PRIME COURT LOW",
    "filetype": 3,
    "gender": 1,
    "height": 2,
    "loadWeightsFromMesh": 1,
    "meshpath": "Mesh.02.0032.05.01.0000",
    "skinpath": "Clothing/02/0032/Rigs/05/Skin.02.0032.05.01.0000",
    "tagtype": "vat",
    "vatmax": 0.0019758129492402077,
    "vatmin": -0.001263737678527832,
    "weight": 1
}