{
    "age": 5,
    "clothingelement": 2,
    "clothingid": 39,
    "description": "Reebok FUEL TRAIN",
    "filetype": 3,
    "gender": 2,
    "height": 3,
    "loadWeightsFromMesh": 1,
    "meshpath": "Mesh.02.0039.05.02.0000",
    "skinpath": "Clothing/02/0039/Rigs/05/Skin.02.0039.05.02.0000",
    "tagtype": "vat",
    "vatmax": 0.04449168220162392,
    "vatmin": -0.02264575846493244,
    "weight": 1
}