{
    "age": 5,
    "clothingelement": 2,
    "clothingid": 39,
    "description": "Reebok FUEL TRAIN",
    "filetype": 3,
    "gender": 1,
    "height": 3,
    "loadWeightsFromMesh": 1,
    "meshpath": "Mesh.02.0039.05.01.0000",
    "skinpath": "Clothing/02/0039/Rigs/05/Skin.02.0039.05.01.0000",
    "tagtype": "vat",
    "vatmax": 0.024002747610211372,
    "vatmin": -0.023504838347434998,
    "weight": 3
}