{
    "age": 5,
    "clothingelement": 2,
    "clothingid": 39,
    "description": "Reebok FUEL TRAIN",
    "filetype": 3,
    "gender": 2,
    "height": 2,
    "loadWeightsFromMesh": 1,
    "meshpath": "Mesh.02.0039.05.02.0000",
    "skinpath": "Clothing/02/0039/Rigs/05/Skin.02.0039.05.02.0000",
    "tagtype": "vat",
    "vatmax": 0.005854615941643715,
    "vatmin": -0.0031234740745276213,
    "weight": 3
}