{
    "age": 5,
    "clothingelement": 2,
    "clothingid": 39,
    "description": "Reebok FUEL TRAIN",
    "filetype": 3,
    "gender": 1,
    "height": 2,
    "loadWeightsFromMesh": 1,
    "meshpath": "Mesh.02.0039.05.01.0000",
    "skinpath": "Clothing/02/0039/Rigs/05/Skin.02.0039.05.01.0000",
    "tagtype": "vat",
    "vatmax": 0.020285725593566895,
    "vatmin": -0.01150275208055973,
    "weight": 3
}