{
    "age": 5,
    "clothingelement": 3,
    "clothingid": 0,
    "description": "Darcy Woven Pants",
    "filetype": 3,
    "gender": 1,
    "height": 2,
    "loadWeightsFromMesh": 1,
    "meshpath": "Mesh.03.0000.05.01.0000",
    "skinpath": "Clothing/03/0000/Rigs/05/Skin.03.0000.05.01.0000",
    "tagtype": "vat",
    "vatmax": 0.12026502937078476,
    "vatmin": -0.07048522680997849,
    "weight": 3
}