{
    "age": 5,
    "clothingelement": 3,
    "clothingid": 0,
    "description": "Darcy Woven Pants",
    "filetype": 3,
    "gender": 1,
    "height": 3,
    "loadWeightsFromMesh": 1,
    "meshpath": "Mesh.03.0000.05.01.0000",
    "skinpath": "Clothing/03/0000/Rigs/05/Skin.03.0000.05.01.0000",
    "tagtype": "vat",
    "vatmax": 0.17362944781780243,
    "vatmin": -0.01106979325413704,
    "weight": 2
}