{
    "age": 5,
    "clothingelement": 3,
    "clothingid": 0,
    "description": "Darcy Woven Pants",
    "filetype": 3,
    "gender": 2,
    "height": 1,
    "loadWeightsFromMesh": 1,
    "meshpath": "Mesh.03.0000.05.02.0000",
    "skinpath": "Clothing/03/0000/Rigs/05/Skin.03.0000.05.02.0000",
    "tagtype": "vat",
    "vatmax": 0.03248195722699165,
    "vatmin": -0.17950087785720825,
    "weight": 2
}