{
    "age": 5,
    "clothingelement": 3,
    "clothingid": 0,
    "description": "Darcy Woven Pants",
    "filetype": 3,
    "gender": 2,
    "height": 3,
    "loadWeightsFromMesh": 1,
    "meshpath": "Mesh.03.0000.05.02.0000",
    "skinpath": "Clothing/03/0000/Rigs/05/Skin.03.0000.05.02.0000",
    "tagtype": "vat",
    "vatmax": 0.14052948355674744,
    "vatmin": -0.014160556718707085,
    "weight": 2
}