{
    "age": 3,
    "clothingelement": 1,
    "clothingid": 7,
    "description": "bert_knit_top",
    "filetype": 3,
    "gender": 1,
    "height": 2,
    "loadWeightsFromMesh": 1,
    "meshpath": "Mesh.01.0007.03.01.0000",
    "skinpath": "Clothing/01/0007/Rigs/03/Skin.01.0007.03.01.0000",
    "tagtype": "vat",
    "vatmax": 0.00029687880305573344,
    "vatmin": -0.000544052105396986,
    "weight": 2
}