{
    "age": 5,
    "clothingelement": 2,
    "clothingid": 23,
    "description": "Reebok FS-HI-INT-R12",
    "filetype": 3,
    "gender": 1,
    "height": 1,
    "loadWeightsFromMesh": 1,
    "meshpath": "Mesh.02.0023.05.01.0000",
    "skinpath": "Clothing/02/0023/Rigs/05/Skin.02.0023.05.01.0000",
    "tagtype": "vat",
    "vatmax": 0.017765427008271217,
    "vatmin": -0.021411800757050514,
    "weight": 2
}