{
    "age": 7,
    "element": 2,
    "filetype": 3,
    "gender": 1,
    "height": 2,
    "loadWeightsFromMesh": 1,
    "meshpath": "Mesh.01.0000.07.01.0000",
    "skinpath": "/Character/01/0000/Rigs/07/Skin.01.0000.07.01.0000",
    "tagtype": "vat",
    "vatmax": 0.005987963639199734,
    "vatmin": -0.011013031005859375,
    "weight": 2
}