{
    "age": 1,
    "clothingelement": 2,
    "clothingid": 22,
    "description": "Crazy Shadow 2",
    "filetype": 3,
    "gender": 2,
    "height": 3,
    "loadWeightsFromMesh": 1,
    "meshpath": "Mesh.02.0022.01.02.0000",
    "skinpath": "Clothing/02/0022/Rigs/01/Skin.02.0022.01.02.0000",
    "tagtype": "vat",
    "vatmax": 0.03260742127895355,
    "vatmin": -0.03484702855348587,
    "weight": 2
}