{
    "age": 1,
    "clothingelement": 2,
    "clothingid": 22,
    "description": "Crazy Shadow 2",
    "filetype": 3,
    "gender": 1,
    "height": 3,
    "loadWeightsFromMesh": 1,
    "meshpath": "Mesh.02.0022.01.01.0000",
    "skinpath": "Clothing/02/0022/Rigs/01/Skin.02.0022.01.01.0000",
    "tagtype": "vat",
    "vatmax": 0.03249114006757736,
    "vatmin": -0.035026226192712784,
    "weight": 2
}