{
    "age": 5,
    "clothingelement": 1,
    "clothingid": 6,
    "description": "fitzroy_hoodie",
    "filetype": 3,
    "gender": 1,
    "height": 2,
    "loadWeightsFromMesh": 1,
    "meshpath": "Mesh.01.0006.05.01.0000",
    "skinpath": "Clothing/01/0006/Rigs/05/Skin.01.0006.05.01.0000",
    "tagtype": "vat",
    "vatmax": 0.041710641235113144,
    "vatmin": -0.04401996359229088,
    "weight": 1
}