{
    "age": 5,
    "clothingelement": 1,
    "clothingid": 6,
    "description": "fitzroy_hoodie",
    "filetype": 3,
    "gender": 2,
    "height": 1,
    "loadWeightsFromMesh": 1,
    "meshpath": "Mesh.01.0006.05.02.0000",
    "skinpath": "Clothing/01/0006/Rigs/05/Skin.01.0006.05.02.0000",
    "tagtype": "vat",
    "vatmax": 0.08746165782213211,
    "vatmin": -0.25966018438339233,
    "weight": 2
}