{
    "age": 5,
    "clothingelement": 1,
    "clothingid": 6,
    "description": "fitzroy_hoodie",
    "filetype": 3,
    "gender": 1,
    "height": 1,
    "loadWeightsFromMesh": 1,
    "meshpath": "Mesh.01.0006.05.01.0000",
    "skinpath": "Clothing/01/0006/Rigs/05/Skin.01.0006.05.01.0000",
    "tagtype": "vat",
    "vatmax": 0.09091777354478836,
    "vatmin": -0.25592902302742004,
    "weight": 2
}