{
    "age": 5,
    "clothingelement": 1,
    "clothingid": 6,
    "description": "fitzroy_hoodie",
    "filetype": 3,
    "gender": 2,
    "height": 2,
    "loadWeightsFromMesh": 1,
    "meshpath": "Mesh.01.0006.05.02.0000",
    "skinpath": "Clothing/01/0006/Rigs/05/Skin.01.0006.05.02.0000",
    "tagtype": "vat",
    "vatmax": 0.07865661382675171,
    "vatmin": -0.07632644474506378,
    "weight": 3
}