{
    "age": 5,
    "clothingelement": 2,
    "clothingid": 55,
    "description": "Reebok ZIGLITE RUSH",
    "filetype": 3,
    "gender": 2,
    "height": 1,
    "loadWeightsFromMesh": 1,
    "meshpath": "Mesh.02.0055.05.02.0000",
    "skinpath": "Clothing/02/0055/Rigs/05/Skin.02.0055.05.02.0000",
    "tagtype": "vat",
    "vatmax": 0.018139304593205452,
    "vatmin": -0.022359371185302734,
    "weight": 1
}