{
    "age": 5,
    "clothingelement": 2,
    "clothingid": 55,
    "description": "Reebok ZIGLITE RUSH",
    "filetype": 3,
    "gender": 2,
    "height": 2,
    "loadWeightsFromMesh": 1,
    "meshpath": "Mesh.02.0055.05.02.0000",
    "skinpath": "Clothing/02/0055/Rigs/05/Skin.02.0055.05.02.0000",
    "tagtype": "vat",
    "vatmax": 0.011625709012150764,
    "vatmin": -0.01169527042657137,
    "weight": 1
}