{
    "age": 5,
    "clothingelement": 2,
    "clothingid": 55,
    "description": "Reebok ZIGLITE RUSH",
    "filetype": 3,
    "gender": 2,
    "height": 3,
    "loadWeightsFromMesh": 1,
    "meshpath": "Mesh.02.0055.05.02.0000",
    "skinpath": "Clothing/02/0055/Rigs/05/Skin.02.0055.05.02.0000",
    "tagtype": "vat",
    "vatmax": 0.0432644821703434,
    "vatmin": -0.024356279522180557,
    "weight": 1
}