{
    "age": 5,
    "clothingelement": 2,
    "clothingid": 55,
    "description": "Reebok ZIGLITE RUSH",
    "filetype": 3,
    "gender": 1,
    "height": 1,
    "loadWeightsFromMesh": 1,
    "meshpath": "Mesh.02.0055.05.01.0000",
    "skinpath": "Clothing/02/0055/Rigs/05/Skin.02.0055.05.01.0000",
    "tagtype": "vat",
    "vatmax": 0.018143730238080025,
    "vatmin": -0.020856132730841637,
    "weight": 2
}