{
    "age": 5,
    "clothingelement": 3,
    "clothingid": 2,
    "description": "Laura Knit Leggings",
    "filetype": 3,
    "gender": 2,
    "height": 2,
    "loadWeightsFromMesh": 1,
    "meshpath": "Mesh.03.0002.05.02.0000",
    "skinpath": "Clothing/03/0002/Rigs/05/Skin.03.0002.05.02.0000",
    "tagtype": "vat",
    "vatmax": 0.013996390625834465,
    "vatmin": -0.02039281837642193,
    "weight": 1
}