{
    "age": 5,
    "clothingelement": 3,
    "clothingid": 2,
    "description": "Laura Knit Leggings",
    "filetype": 3,
    "gender": 1,
    "height": 1,
    "loadWeightsFromMesh": 1,
    "meshpath": "Mesh.03.0002.05.01.0000",
    "skinpath": "Clothing/03/0002/Rigs/05/Skin.03.0002.05.01.0000",
    "tagtype": "vat",
    "vatmax": 0.021801671013236046,
    "vatmin": -0.15679968893527985,
    "weight": 2
}