{
    "age": 1,
    "clothingelement": 6,
    "clothingid": 0,
    "description": "Lacey Dress",
    "filetype": 3,
    "gender": 2,
    "height": 3,
    "loadWeightsFromMesh": 1,
    "meshpath": "Mesh.06.0000.01.02.0000",
    "skinpath": "Clothing/06/0000/Rigs/01/Skin.06.0000.01.02.0000",
    "tagtype": "vat",
    "vatmax": 0.2343592792749405,
    "vatmin": -0.03369078412652016,
    "weight": 2
}