{
    "age": 2,
    "clothingelement": 2,
    "clothingid": 55,
    "description": "Reebok ZIGLITE RUSH",
    "filetype": 3,
    "gender": 2,
    "height": 3,
    "loadWeightsFromMesh": 1,
    "meshpath": "Mesh.02.0055.02.02.0000",
    "skinpath": "Clothing/02/0055/Rigs/02/Skin.02.0055.02.02.0000",
    "tagtype": "vat",
    "vatmax": 0.029889049008488655,
    "vatmin": -0.025021476671099663,
    "weight": 2
}