{
    "age": 2,
    "clothingelement": 2,
    "clothingid": 55,
    "description": "Reebok ZIGLITE RUSH",
    "filetype": 3,
    "gender": 1,
    "height": 3,
    "loadWeightsFromMesh": 1,
    "meshpath": "Mesh.02.0055.02.01.0000",
    "skinpath": "Clothing/02/0055/Rigs/02/Skin.02.0055.02.01.0000",
    "tagtype": "vat",
    "vatmax": 0.029261769726872444,
    "vatmin": -0.024973686784505844,
    "weight": 2
}