{
    "age": 5,
    "clothingelement": 2,
    "clothingid": 26,
    "description": "Court Attitude",
    "filetype": 3,
    "gender": 2,
    "height": 3,
    "loadWeightsFromMesh": 1,
    "meshpath": "Mesh.02.0026.05.02.0000",
    "skinpath": "Clothing/02/0026/Rigs/05/Skin.02.0026.05.02.0000",
    "tagtype": "vat",
    "vatmax": 0.07492578029632568,
    "vatmin": -0.021980103105306625,
    "weight": 1
}