{
    "age": 5,
    "clothingelement": 2,
    "clothingid": 26,
    "description": "Court Attitude",
    "filetype": 3,
    "gender": 1,
    "height": 2,
    "loadWeightsFromMesh": 1,
    "meshpath": "Mesh.02.0026.05.01.0000",
    "skinpath": "Clothing/02/0026/Rigs/05/Skin.02.0026.05.01.0000",
    "tagtype": "vat",
    "vatmax": 0.006271290592849255,
    "vatmin": -0.006218418944627047,
    "weight": 1
}