{
    "age": 5,
    "clothingelement": 2,
    "clothingid": 26,
    "description": "Court Attitude",
    "filetype": 3,
    "gender": 2,
    "height": 3,
    "loadWeightsFromMesh": 1,
    "meshpath": "Mesh.02.0026.05.02.0000",
    "skinpath": "Clothing/02/0026/Rigs/05/Skin.02.0026.05.02.0000",
    "tagtype": "vat",
    "vatmax": 0.022079162299633026,
    "vatmin": -0.015231695026159286,
    "weight": 3
}