{
    "age": 5,
    "clothingelement": 2,
    "clothingid": 1,
    "description": "11 Pro SL TRX FG",
    "filetype": 3,
    "gender": 1,
    "height": 2,
    "loadWeightsFromMesh": 1,
    "meshpath": "Mesh.02.0001.05.01.0000",
    "skinpath": "Clothing/02/0001/Rigs/05/Skin.02.0001.05.01.0000",
    "tagtype": "vat",
    "vatmax": 0.02145550400018692,
    "vatmin": -0.011451921425759792,
    "weight": 3
}