{
    "age": 5,
    "clothingelement": 2,
    "clothingid": 1,
    "description": "11 Pro SL TRX FG",
    "filetype": 3,
    "gender": 2,
    "height": 2,
    "loadWeightsFromMesh": 1,
    "meshpath": "Mesh.02.0001.05.02.0000",
    "skinpath": "Clothing/02/0001/Rigs/05/Skin.02.0001.05.02.0000",
    "tagtype": "vat",
    "vatmax": 0.006054244004189968,
    "vatmin": -0.0025234937202185392,
    "weight": 3
}