{
    "age": 5,
    "clothingelement": 2,
    "clothingid": 1,
    "description": "11 Pro SL TRX FG",
    "filetype": 3,
    "gender": 1,
    "height": 3,
    "loadWeightsFromMesh": 1,
    "meshpath": "Mesh.02.0001.05.01.0000",
    "skinpath": "Clothing/02/0001/Rigs/05/Skin.02.0001.05.01.0000",
    "tagtype": "vat",
    "vatmax": 0.02482437714934349,
    "vatmin": -0.02354736253619194,
    "weight": 3
}