{
    "age": 5,
    "clothingelement": 2,
    "clothingid": 1,
    "description": "11 Pro SL TRX FG",
    "filetype": 3,
    "gender": 2,
    "height": 3,
    "loadWeightsFromMesh": 1,
    "meshpath": "Mesh.02.0001.05.02.0000",
    "skinpath": "Clothing/02/0001/Rigs/05/Skin.02.0001.05.02.0000",
    "tagtype": "vat",
    "vatmax": 0.016558799892663956,
    "vatmin": -0.015760229900479317,
    "weight": 2
}