{
    "age": 5,
    "clothingelement": 1,
    "clothingid": 7,
    "description": "bert_knit_top",
    "filetype": 3,
    "gender": 1,
    "height": 3,
    "loadWeightsFromMesh": 1,
    "meshpath": "Mesh.01.0007.05.01.0000",
    "skinpath": "Clothing/01/0007/Rigs/05/Skin.01.0007.05.01.0000",
    "tagtype": "vat",
    "vatmax": 0.21669524908065796,
    "vatmin": -0.06853954493999481,
    "weight": 2
}