{
    "age": 5,
    "clothingelement": 1,
    "clothingid": 7,
    "description": "bert_knit_top",
    "filetype": 3,
    "gender": 2,
    "height": 2,
    "loadWeightsFromMesh": 1,
    "meshpath": "Mesh.01.0007.05.02.0000",
    "skinpath": "Clothing/01/0007/Rigs/05/Skin.01.0007.05.02.0000",
    "tagtype": "vat",
    "vatmax": 0.015037154778838158,
    "vatmin": -0.03108251467347145,
    "weight": 1
}