{
    "age": 1,
    "clothingelement": 2,
    "clothingid": 45,
    "description": "Reebok SL FLIP UPDATE",
    "filetype": 3,
    "gender": 1,
    "height": 3,
    "loadWeightsFromMesh": 1,
    "meshpath": "Mesh.02.0045.01.01.0000",
    "skinpath": "Clothing/02/0045/Rigs/01/Skin.02.0045.01.01.0000",
    "tagtype": "vat",
    "vatmax": 0.032309580594301224,
    "vatmin": -0.03594395890831947,
    "weight": 2
}