{
    "age": 3,
    "clothingelement": 2,
    "clothingid": 18,
    "description": "Sambe Hemp",
    "filetype": 3,
    "gender": 2,
    "height": 2,
    "loadWeightsFromMesh": 1,
    "meshpath": "Mesh.02.0018.03.02.0000",
    "skinpath": "Clothing/02/0018/Rigs/03/Skin.02.0018.03.02.0000",
    "tagtype": "vat",
    "vatmax": 9.53674295089968e-09,
    "vatmin": -1.4305114426349519e-08,
    "weight": 2
}