{
    "age": 1,
    "clothingelement": 2,
    "clothingid": 20,
    "description": "Santa Cruz Men",
    "filetype": 3,
    "gender": 2,
    "height": 3,
    "loadWeightsFromMesh": 1,
    "meshpath": "Mesh.02.0020.01.02.0000",
    "skinpath": "Clothing/02/0020/Rigs/01/Skin.02.0020.01.02.0000",
    "tagtype": "vat",
    "vatmax": 0.032407864928245544,
    "vatmin": -0.03480216860771179,
    "weight": 2
}