{
    "age": 1,
    "clothingelement": 2,
    "clothingid": 20,
    "description": "Santa Cruz Men",
    "filetype": 3,
    "gender": 1,
    "height": 3,
    "loadWeightsFromMesh": 1,
    "meshpath": "Mesh.02.0020.01.01.0000",
    "skinpath": "Clothing/02/0020/Rigs/01/Skin.02.0020.01.01.0000",
    "tagtype": "vat",
    "vatmax": 0.03238138183951378,
    "vatmin": -0.0348520427942276,
    "weight": 2
}