{
    "age": 2,
    "clothingelement": 2,
    "clothingid": 3,
    "description": "Colton Winter Chukka",
    "filetype": 3,
    "gender": 2,
    "height": 3,
    "loadWeightsFromMesh": 1,
    "meshpath": "Mesh.02.0003.02.02.0000",
    "skinpath": "Clothing/02/0003/Rigs/02/Skin.02.0003.02.02.0000",
    "tagtype": "vat",
    "vatmax": 0.03564177453517914,
    "vatmin": -0.025596827268600464,
    "weight": 2
}