{
    "age": 2,
    "clothingelement": 2,
    "clothingid": 3,
    "description": "Colton Winter Chukka",
    "filetype": 3,
    "gender": 1,
    "height": 3,
    "loadWeightsFromMesh": 1,
    "meshpath": "Mesh.02.0003.02.01.0000",
    "skinpath": "Clothing/02/0003/Rigs/02/Skin.02.0003.02.01.0000",
    "tagtype": "vat",
    "vatmax": 0.03584422916173935,
    "vatmin": -0.025547455996274948,
    "weight": 2
}