{
    "age": 2,
    "clothingelement": 2,
    "clothingid": 19,
    "description": "Samoa",
    "filetype": 3,
    "gender": 2,
    "height": 3,
    "loadWeightsFromMesh": 1,
    "meshpath": "Mesh.02.0019.02.02.0000",
    "skinpath": "Clothing/02/0019/Rigs/02/Skin.02.0019.02.02.0000",
    "tagtype": "vat",
    "vatmax": 0.029492082074284554,
    "vatmin": -0.024796580895781517,
    "weight": 2
}