{
    "age": 2,
    "clothingelement": 2,
    "clothingid": 19,
    "description": "Samoa",
    "filetype": 3,
    "gender": 1,
    "height": 3,
    "loadWeightsFromMesh": 1,
    "meshpath": "Mesh.02.0019.02.01.0000",
    "skinpath": "Clothing/02/0019/Rigs/02/Skin.02.0019.02.01.0000",
    "tagtype": "vat",
    "vatmax": 0.02924448810517788,
    "vatmin": -0.024770144373178482,
    "weight": 2
}