{
    "age": 1,
    "clothingelement": 2,
    "clothingid": 17,
    "description": "Reebok Retro Rush",
    "filetype": 3,
    "gender": 1,
    "height": 3,
    "loadWeightsFromMesh": 1,
    "meshpath": "Mesh.02.0017.01.01.0000",
    "skinpath": "Clothing/02/0017/Rigs/01/Skin.02.0017.01.01.0000",
    "tagtype": "vat",
    "vatmax": 0.032554589211940765,
    "vatmin": -0.03544474393129349,
    "weight": 2
}