{
    "age": 1,
    "clothingelement": 2,
    "clothingid": 17,
    "description": "Reebok Retro Rush",
    "filetype": 3,
    "gender": 2,
    "height": 3,
    "loadWeightsFromMesh": 1,
    "meshpath": "Mesh.02.0017.01.02.0000",
    "skinpath": "Clothing/02/0017/Rigs/01/Skin.02.0017.01.02.0000",
    "tagtype": "vat",
    "vatmax": 0.032748326659202576,
    "vatmin": -0.035286739468574524,
    "weight": 2
}