{
    "age": 2,
    "clothingelement": 2,
    "clothingid": 54,
    "description": "JS WINGS 20 BLACK FLAG",
    "filetype": 3,
    "gender": 1,
    "height": 3,
    "loadWeightsFromMesh": 1,
    "meshpath": "Mesh.02.0054.02.01.0000",
    "skinpath": "Clothing/02/0054/Rigs/02/Skin.02.0054.02.01.0000",
    "tagtype": "vat",
    "vatmax": 0.039479970932006836,
    "vatmin": -0.024655388668179512,
    "weight": 2
}