{
    "age": 2,
    "clothingelement": 2,
    "clothingid": 54,
    "description": "JS WINGS 20 BLACK FLAG",
    "filetype": 3,
    "gender": 2,
    "height": 3,
    "loadWeightsFromMesh": 1,
    "meshpath": "Mesh.02.0054.02.02.0000",
    "skinpath": "Clothing/02/0054/Rigs/02/Skin.02.0054.02.02.0000",
    "tagtype": "vat",
    "vatmax": 0.038647763431072235,
    "vatmin": -0.02483622543513775,
    "weight": 2
}