{
    "age": 7,
    "clothingelement": 2,
    "clothingid": 43,
    "description": "D ROSE 45",
    "filetype": 3,
    "gender": 2,
    "height": 2,
    "loadWeightsFromMesh": 1,
    "meshpath": "Mesh.02.0043.07.02.0000",
    "skinpath": "Clothing/02/0043/Rigs/07/Skin.02.0043.07.02.0000",
    "tagtype": "vat",
    "vatmax": 2.38418573772492e-09,
    "vatmin": -7.1525572131747595e-09,
    "weight": 3
}