{
    "age": 5,
    "clothingelement": 2,
    "clothingid": 10,
    "description": "Great Jones Wingtip ",
    "filetype": 3,
    "gender": 2,
    "height": 2,
    "loadWeightsFromMesh": 1,
    "meshpath": "Mesh.02.0010.05.02.0000",
    "skinpath": "Clothing/02/0010/Rigs/05/Skin.02.0010.05.02.0000",
    "tagtype": "vat",
    "vatmax": 0.011516132391989231,
    "vatmin": -0.01152532547712326,
    "weight": 1
}