{
    "age": 5,
    "clothingelement": 2,
    "clothingid": 10,
    "description": "Great Jones Wingtip ",
    "filetype": 3,
    "gender": 2,
    "height": 3,
    "loadWeightsFromMesh": 1,
    "meshpath": "Mesh.02.0010.05.02.0000",
    "skinpath": "Clothing/02/0010/Rigs/05/Skin.02.0010.05.02.0000",
    "tagtype": "vat",
    "vatmax": 0.01764499582350254,
    "vatmin": -0.014855250716209412,
    "weight": 3
}