{
    "age": 5,
    "clothingelement": 2,
    "clothingid": 10,
    "description": "Great Jones Wingtip ",
    "filetype": 3,
    "gender": 1,
    "height": 3,
    "loadWeightsFromMesh": 1,
    "meshpath": "Mesh.02.0010.05.01.0000",
    "skinpath": "Clothing/02/0010/Rigs/05/Skin.02.0010.05.01.0000",
    "tagtype": "vat",
    "vatmax": 0.02466234192252159,
    "vatmin": -0.023901958018541336,
    "weight": 3
}