{
    "age": 5,
    "clothingelement": 2,
    "clothingid": 10,
    "description": "Great Jones Wingtip ",
    "filetype": 3,
    "gender": 1,
    "height": 3,
    "loadWeightsFromMesh": 1,
    "meshpath": "Mesh.02.0010.05.01.0000",
    "skinpath": "Clothing/02/0010/Rigs/05/Skin.02.0010.05.01.0000",
    "tagtype": "vat",
    "vatmax": 0.016247443854808807,
    "vatmin": -0.013710402883589268,
    "weight": 1
}