{
    "age": 5,
    "clothingelement": 2,
    "clothingid": 10,
    "description": "Great Jones Wingtip ",
    "filetype": 3,
    "gender": 2,
    "height": 1,
    "loadWeightsFromMesh": 1,
    "meshpath": "Mesh.02.0010.05.02.0000",
    "skinpath": "Clothing/02/0010/Rigs/05/Skin.02.0010.05.02.0000",
    "tagtype": "vat",
    "vatmax": 0.020669011399149895,
    "vatmin": -0.02411390282213688,
    "weight": 3
}