{
    "age": 2,
    "clothingelement": 4,
    "clothingid": 1,
    "description": "Baseball Cap 00",
    "filetype": 3,
    "gender": 2,
    "height": 2,
    "loadWeightsFromMesh": 1,
    "meshpath": "Mesh.04.0001.02.02.0000",
    "skinpath": "Clothing/04/0001/Rigs/02/Skin.04.0001.02.02.0000",
    "tagtype": "vat",
    "vatmax": 7.629394360719743e-08,
    "vatmin": -2.384185648907078e-08,
    "weight": 3
}