{
    "age": 2,
    "clothingelement": 4,
    "clothingid": 1,
    "description": "Baseball Cap 00",
    "filetype": 3,
    "gender": 2,
    "height": 3,
    "loadWeightsFromMesh": 1,
    "meshpath": "Mesh.04.0001.02.02.0000",
    "skinpath": "Clothing/04/0001/Rigs/02/Skin.04.0001.02.02.0000",
    "tagtype": "vat",
    "vatmax": 0.2558073401451111,
    "vatmin": -0.004809760954231024,
    "weight": 2
}