{
    "age": 1,
    "clothingelement": 2,
    "clothingid": 27,
    "description": "Trochilus Boost",
    "filetype": 3,
    "gender": 2,
    "height": 3,
    "loadWeightsFromMesh": 1,
    "meshpath": "Mesh.02.0027.01.02.0000",
    "skinpath": "Clothing/02/0027/Rigs/01/Skin.02.0027.01.02.0000",
    "tagtype": "vat",
    "vatmax": 0.032537057995796204,
    "vatmin": -0.034875717014074326,
    "weight": 2
}