{
    "age": 1,
    "clothingelement": 2,
    "clothingid": 27,
    "description": "Trochilus Boost",
    "filetype": 3,
    "gender": 1,
    "height": 3,
    "loadWeightsFromMesh": 1,
    "meshpath": "Mesh.02.0027.01.01.0000",
    "skinpath": "Clothing/02/0027/Rigs/01/Skin.02.0027.01.01.0000",
    "tagtype": "vat",
    "vatmax": 0.032278843224048615,
    "vatmin": -0.03467408940196037,
    "weight": 2
}