{
    "age": 5,
    "clothingelement": 2,
    "clothingid": 56,
    "description": "Reebok BREAKPOINT LO 2V",
    "filetype": 3,
    "gender": 2,
    "height": 2,
    "loadWeightsFromMesh": 1,
    "meshpath": "Mesh.02.0056.05.02.0000",
    "skinpath": "Clothing/02/0056/Rigs/05/Skin.02.0056.05.02.0000",
    "tagtype": "vat",
    "vatmax": 0.011216620914638042,
    "vatmin": -0.011268310248851776,
    "weight": 1
}