{
    "age": 5,
    "clothingelement": 2,
    "clothingid": 56,
    "description": "Reebok BREAKPOINT LO 2V",
    "filetype": 3,
    "gender": 1,
    "height": 1,
    "loadWeightsFromMesh": 1,
    "meshpath": "Mesh.02.0056.05.01.0000",
    "skinpath": "Clothing/02/0056/Rigs/05/Skin.02.0056.05.01.0000",
    "tagtype": "vat",
    "vatmax": 0.021525144577026367,
    "vatmin": -0.025263480842113495,
    "weight": 1
}