{
    "age": 5,
    "clothingelement": 2,
    "clothingid": 56,
    "description": "Reebok BREAKPOINT LO 2V",
    "filetype": 3,
    "gender": 1,
    "height": 2,
    "loadWeightsFromMesh": 1,
    "meshpath": "Mesh.02.0056.05.01.0000",
    "skinpath": "Clothing/02/0056/Rigs/05/Skin.02.0056.05.01.0000",
    "tagtype": "vat",
    "vatmax": 0.02123500034213066,
    "vatmin": -0.011344842612743378,
    "weight": 3
}