{
    "age": 5,
    "clothingelement": 2,
    "clothingid": 29,
    "description": "Amberlight Up W",
    "filetype": 3,
    "gender": 1,
    "height": 3,
    "loadWeightsFromMesh": 1,
    "meshpath": "Mesh.02.0029.05.01.0000",
    "skinpath": "Clothing/02/0029/Rigs/05/Skin.02.0029.05.01.0000",
    "tagtype": "vat",
    "vatmax": 0.02854469232261181,
    "vatmin": -0.013763027265667915,
    "weight": 1
}