{
    "age": 5,
    "clothingelement": 2,
    "clothingid": 29,
    "description": "Amberlight Up W",
    "filetype": 3,
    "gender": 2,
    "height": 1,
    "loadWeightsFromMesh": 1,
    "meshpath": "Mesh.02.0029.05.02.0000",
    "skinpath": "Clothing/02/0029/Rigs/05/Skin.02.0029.05.02.0000",
    "tagtype": "vat",
    "vatmax": 0.020720023661851883,
    "vatmin": -0.036909349262714386,
    "weight": 3
}