{
    "age": 5,
    "clothingelement": 2,
    "clothingid": 29,
    "description": "Amberlight Up W",
    "filetype": 3,
    "gender": 1,
    "height": 1,
    "loadWeightsFromMesh": 1,
    "meshpath": "Mesh.02.0029.05.01.0000",
    "skinpath": "Clothing/02/0029/Rigs/05/Skin.02.0029.05.01.0000",
    "tagtype": "vat",
    "vatmax": 0.021542996168136597,
    "vatmin": -0.02578958496451378,
    "weight": 1
}