{
    "age": 2,
    "element": 1,
    "filetype": 3,
    "gender": 2,
    "height": 3,
    "loadWeightsFromMesh": 1,
    "meshpath": "Mesh.01.0000.02.02.0000",
    "skinpath": "/Character/01/0000/Rigs/02/Skin.01.0000.02.02.0000",
    "tagtype": "vat",
    "vatmax": 0.2564123570919037,
    "vatmin": -0.08185122907161713,
    "weight": 2
}