{
    "age": 5,
    "clothingelement": 3,
    "clothingid": 3,
    "description": "blakely_jeans",
    "filetype": 3,
    "gender": 1,
    "height": 2,
    "loadWeightsFromMesh": 1,
    "meshpath": "Mesh.03.0003.05.01.0000",
    "skinpath": "Clothing/03/0003/Rigs/05/Skin.03.0003.05.01.0000",
    "tagtype": "vat",
    "vatmax": 0.02500700019299984,
    "vatmin": -0.025031698867678642,
    "weight": 1
}