{
    "age": 5,
    "clothingelement": 3,
    "clothingid": 3,
    "description": "blakely_jeans",
    "filetype": 3,
    "gender": 2,
    "height": 1,
    "loadWeightsFromMesh": 1,
    "meshpath": "Mesh.03.0003.05.02.0000",
    "skinpath": "Clothing/03/0003/Rigs/05/Skin.03.0003.05.02.0000",
    "tagtype": "vat",
    "vatmax": 0.03245706483721733,
    "vatmin": -0.17877089977264404,
    "weight": 2
}