{
    "age": 5,
    "clothingelement": 3,
    "clothingid": 3,
    "description": "blakely_jeans",
    "filetype": 3,
    "gender": 2,
    "height": 3,
    "loadWeightsFromMesh": 1,
    "meshpath": "Mesh.03.0003.05.02.0000",
    "skinpath": "Clothing/03/0003/Rigs/05/Skin.03.0003.05.02.0000",
    "tagtype": "vat",
    "vatmax": 0.13955490291118622,
    "vatmin": -0.014205913059413433,
    "weight": 2
}