{
    "age": 5,
    "clothingelement": 3,
    "clothingid": 3,
    "description": "blakely_jeans",
    "filetype": 3,
    "gender": 1,
    "height": 1,
    "loadWeightsFromMesh": 1,
    "meshpath": "Mesh.03.0003.05.01.0000",
    "skinpath": "Clothing/03/0003/Rigs/05/Skin.03.0003.05.01.0000",
    "tagtype": "vat",
    "vatmax": 0.021781262010335922,
    "vatmin": -0.15629325807094574,
    "weight": 2
}