{
    "age": 5,
    "clothingelement": 2,
    "clothingid": 5,
    "description": "Dragon W",
    "filetype": 3,
    "gender": 2,
    "height": 1,
    "loadWeightsFromMesh": 1,
    "meshpath": "Mesh.02.0005.05.02.0000",
    "skinpath": "Clothing/02/0005/Rigs/05/Skin.02.0005.05.02.0000",
    "tagtype": "vat",
    "vatmax": 0.023961925879120827,
    "vatmin": -0.026767615228891373,
    "weight": 2
}