{
    "age": 5,
    "clothingelement": 2,
    "clothingid": 5,
    "description": "Dragon W",
    "filetype": 3,
    "gender": 2,
    "height": 2,
    "loadWeightsFromMesh": 1,
    "meshpath": "Mesh.02.0005.05.02.0000",
    "skinpath": "Clothing/02/0005/Rigs/05/Skin.02.0005.05.02.0000",
    "tagtype": "vat",
    "vatmax": 0.01109310146421194,
    "vatmin": -0.01110013946890831,
    "weight": 1
}