{
    "age": 5,
    "clothingelement": 2,
    "clothingid": 5,
    "description": "Dragon W",
    "filetype": 3,
    "gender": 1,
    "height": 2,
    "loadWeightsFromMesh": 1,
    "meshpath": "Mesh.02.0005.05.01.0000",
    "skinpath": "Clothing/02/0005/Rigs/05/Skin.02.0005.05.01.0000",
    "tagtype": "vat",
    "vatmax": 0.021841878071427345,
    "vatmin": -0.01154762227088213,
    "weight": 3
}