{
    "age": 2,
    "clothingelement": 2,
    "clothingid": 52,
    "description": "Crazy 8",
    "filetype": 3,
    "gender": 2,
    "height": 2,
    "loadWeightsFromMesh": 1,
    "meshpath": "Mesh.02.0052.02.02.0000",
    "skinpath": "Clothing/02/0052/Rigs/02/Skin.02.0052.02.02.0000",
    "tagtype": "vat",
    "vatmax": 4.76837147544984e-09,
    "vatmin": -9.53674295089968e-09,
    "weight": 1
}