{
    "age": 2,
    "clothingelement": 2,
    "clothingid": 52,
    "description": "Crazy 8",
    "filetype": 3,
    "gender": 2,
    "height": 3,
    "loadWeightsFromMesh": 1,
    "meshpath": "Mesh.02.0052.02.02.0000",
    "skinpath": "Clothing/02/0052/Rigs/02/Skin.02.0052.02.02.0000",
    "tagtype": "vat",
    "vatmax": 0.040238894522190094,
    "vatmin": -0.024943113327026367,
    "weight": 2
}