{
    "age": 2,
    "clothingelement": 2,
    "clothingid": 52,
    "description": "Crazy 8",
    "filetype": 3,
    "gender": 1,
    "height": 3,
    "loadWeightsFromMesh": 1,
    "meshpath": "Mesh.02.0052.02.01.0000",
    "skinpath": "Clothing/02/0052/Rigs/02/Skin.02.0052.02.01.0000",
    "tagtype": "vat",
    "vatmax": 0.039728306233882904,
    "vatmin": -0.024772414937615395,
    "weight": 2
}