{
    "age": 3,
    "clothingelement": 2,
    "clothingid": 43,
    "description": "D ROSE 45",
    "filetype": 3,
    "gender": 1,
    "height": 1,
    "loadWeightsFromMesh": 1,
    "meshpath": "Mesh.02.0043.03.01.0000",
    "skinpath": "Clothing/02/0043/Rigs/03/Skin.02.0043.03.01.0000",
    "tagtype": "vat",
    "vatmax": 4.76837147544984e-09,
    "vatmin": -4.76837147544984e-09,
    "weight": 2
}