{
    "age": 2,
    "clothingelement": 2,
    "clothingid": 40,
    "description": "UGG Jena Womens Java 7",
    "filetype": 3,
    "gender": 2,
    "height": 3,
    "loadWeightsFromMesh": 1,
    "meshpath": "Mesh.02.0040.02.02.0000",
    "skinpath": "Clothing/02/0040/Rigs/02/Skin.02.0040.02.02.0000",
    "tagtype": "vat",
    "vatmax": 0.053404550999403,
    "vatmin": -0.025132350623607635,
    "weight": 2
}