{
    "age": 2,
    "clothingelement": 1,
    "clothingid": 0,
    "description": "Evie Knit Top",
    "filetype": 3,
    "gender": 2,
    "height": 3,
    "loadWeightsFromMesh": 1,
    "meshpath": "Mesh.01.0000.02.02.0000",
    "skinpath": "Clothing/01/0000/Rigs/02/Skin.01.0000.02.02.0000",
    "tagtype": "vat",
    "vatmax": 0.2284698486328125,
    "vatmin": -0.018229646608233452,
    "weight": 2
}