{
    "age": 2,
    "clothingelement": 1,
    "clothingid": 0,
    "description": "Evie Knit Top",
    "filetype": 3,
    "gender": 1,
    "height": 3,
    "loadWeightsFromMesh": 1,
    "meshpath": "Mesh.01.0000.02.01.0000",
    "skinpath": "Clothing/01/0000/Rigs/02/Skin.01.0000.02.01.0000",
    "tagtype": "vat",
    "vatmax": 0.22847434878349304,
    "vatmin": -0.018228797242045403,
    "weight": 2
}