{
    "age": 3,
    "clothingelement": 2,
    "clothingid": 20,
    "description": "Santa Cruz Men",
    "filetype": 3,
    "gender": 2,
    "height": 2,
    "loadWeightsFromMesh": 1,
    "meshpath": "Mesh.02.0020.03.02.0000",
    "skinpath": "Clothing/02/0020/Rigs/03/Skin.02.0020.03.02.0000",
    "tagtype": "vat",
    "vatmax": 1.4305114426349519e-08,
    "vatmin": -9.53674295089968e-09,
    "weight": 2
}