{
    "age": 5,
    "clothingelement": 2,
    "clothingid": 25,
    "description": "Reebok CLASSIC LEGACY II",
    "filetype": 3,
    "gender": 1,
    "height": 3,
    "loadWeightsFromMesh": 1,
    "meshpath": "Mesh.02.0025.05.01.0000",
    "skinpath": "Clothing/02/0025/Rigs/05/Skin.02.0025.05.01.0000",
    "tagtype": "vat",
    "vatmax": 0.03247634693980217,
    "vatmin": -0.031057700514793396,
    "weight": 3
}