{
    "age": 5,
    "clothingelement": 2,
    "clothingid": 25,
    "description": "Reebok CLASSIC LEGACY II",
    "filetype": 3,
    "gender": 2,
    "height": 1,
    "loadWeightsFromMesh": 1,
    "meshpath": "Mesh.02.0025.05.02.0000",
    "skinpath": "Clothing/02/0025/Rigs/05/Skin.02.0025.05.02.0000",
    "tagtype": "vat",
    "vatmax": 0.022054528817534447,
    "vatmin": -0.029286107048392296,
    "weight": 1
}