{
    "age": 3,
    "clothingelement": 3,
    "clothingid": 7,
    "description": "jeans",
    "filetype": 3,
    "gender": 1,
    "height": 2,
    "loadWeightsFromMesh": 1,
    "meshpath": "Mesh.03.0007.03.01.0000",
    "skinpath": "Clothing/03/0007/Rigs/03/Skin.03.0007.03.01.0000",
    "tagtype": "vat",
    "vatmax": 1.5258788721439487e-07,
    "vatmin": -7.629394360719743e-08,
    "weight": 1
}