{
    "age": 3,
    "clothingelement": 3,
    "clothingid": 7,
    "description": "jeans",
    "filetype": 3,
    "gender": 2,
    "height": 2,
    "loadWeightsFromMesh": 1,
    "meshpath": "Mesh.03.0007.03.02.0000",
    "skinpath": "Clothing/03/0007/Rigs/03/Skin.03.0007.03.02.0000",
    "tagtype": "vat",
    "vatmax": 0.001281020580790937,
    "vatmin": -8.36181643535383e-05,
    "weight": 1
}