{
    "age": 1,
    "clothingelement": 2,
    "clothingid": 29,
    "description": "Amberlight Up W",
    "filetype": 3,
    "gender": 1,
    "height": 3,
    "loadWeightsFromMesh": 1,
    "meshpath": "Mesh.02.0029.01.01.0000",
    "skinpath": "Clothing/02/0029/Rigs/01/Skin.02.0029.01.01.0000",
    "tagtype": "vat",
    "vatmax": 0.03779952973127365,
    "vatmin": -0.03581150621175766,
    "weight": 2
}