{
    "age": 1,
    "clothingelement": 2,
    "clothingid": 29,
    "description": "Amberlight Up W",
    "filetype": 3,
    "gender": 2,
    "height": 3,
    "loadWeightsFromMesh": 1,
    "meshpath": "Mesh.02.0029.01.02.0000",
    "skinpath": "Clothing/02/0029/Rigs/01/Skin.02.0029.01.02.0000",
    "tagtype": "vat",
    "vatmax": 0.037956126034259796,
    "vatmin": -0.036051176488399506,
    "weight": 2
}