{
    "age": 1,
    "clothingelement": 2,
    "clothingid": 56,
    "description": "Reebok BREAKPOINT LO 2V",
    "filetype": 3,
    "gender": 2,
    "height": 3,
    "loadWeightsFromMesh": 1,
    "meshpath": "Mesh.02.0056.01.02.0000",
    "skinpath": "Clothing/02/0056/Rigs/01/Skin.02.0056.01.02.0000",
    "tagtype": "vat",
    "vatmax": 0.032349612563848495,
    "vatmin": -0.03444811329245567,
    "weight": 2
}