{
    "age": 3,
    "clothingelement": 1,
    "clothingid": 4,
    "description": "Raph Knit Top",
    "filetype": 3,
    "gender": 2,
    "height": 2,
    "loadWeightsFromMesh": 1,
    "meshpath": "Mesh.01.0004.03.02.0000",
    "skinpath": "Clothing/01/0004/Rigs/03/Skin.01.0004.03.02.0000",
    "tagtype": "vat",
    "vatmax": 3.814697180359872e-08,
    "vatmin": -3.814697180359872e-08,
    "weight": 2
}