{
    "age": 5,
    "clothingelement": 2,
    "clothingid": 57,
    "description": "Reebok SH NEWPORT LOW",
    "filetype": 3,
    "gender": 1,
    "height": 2,
    "loadWeightsFromMesh": 1,
    "meshpath": "Mesh.02.0057.05.01.0000",
    "skinpath": "Clothing/02/0057/Rigs/05/Skin.02.0057.05.01.0000",
    "tagtype": "vat",
    "vatmax": 0.0024715422187000513,
    "vatmin": -0.0021384095307439566,
    "weight": 1
}