{
    "age": 5,
    "clothingelement": 2,
    "clothingid": 57,
    "description": "Reebok SH NEWPORT LOW",
    "filetype": 3,
    "gender": 1,
    "height": 2,
    "loadWeightsFromMesh": 1,
    "meshpath": "Mesh.02.0057.05.01.0000",
    "skinpath": "Clothing/02/0057/Rigs/05/Skin.02.0057.05.01.0000",
    "tagtype": "vat",
    "vatmax": 0.020555073395371437,
    "vatmin": -0.010957574471831322,
    "weight": 3
}