{
    "age": 2,
    "clothingelement": 2,
    "clothingid": 5,
    "description": "Dragon W",
    "filetype": 3,
    "gender": 1,
    "height": 3,
    "loadWeightsFromMesh": 1,
    "meshpath": "Mesh.02.0005.02.01.0000",
    "skinpath": "Clothing/02/0005/Rigs/02/Skin.02.0005.02.01.0000",
    "tagtype": "vat",
    "vatmax": 0.02906300500035286,
    "vatmin": -0.024615202099084854,
    "weight": 2
}