{
    "age": 2,
    "clothingelement": 2,
    "clothingid": 5,
    "description": "Dragon W",
    "filetype": 3,
    "gender": 2,
    "height": 3,
    "loadWeightsFromMesh": 1,
    "meshpath": "Mesh.02.0005.02.02.0000",
    "skinpath": "Clothing/02/0005/Rigs/02/Skin.02.0005.02.02.0000",
    "tagtype": "vat",
    "vatmax": 0.029939670115709305,
    "vatmin": -0.024766234681010246,
    "weight": 2
}