{
    "age": 5,
    "clothingelement": 1,
    "clothingid": 5,
    "description": "T-Shirt 00",
    "filetype": 3,
    "gender": 2,
    "height": 1,
    "loadWeightsFromMesh": 1,
    "meshpath": "Mesh.01.0005.05.02.0000",
    "skinpath": "Clothing/01/0005/Rigs/05/Skin.01.0005.05.02.0000",
    "tagtype": "vat",
    "vatmax": 0.03979884833097458,
    "vatmin": -0.2534562647342682,
    "weight": 2
}