{
    "age": 5,
    "clothingelement": 1,
    "clothingid": 5,
    "description": "T-Shirt 00",
    "filetype": 3,
    "gender": 2,
    "height": 2,
    "loadWeightsFromMesh": 1,
    "meshpath": "Mesh.01.0005.05.02.0000",
    "skinpath": "Clothing/01/0005/Rigs/05/Skin.01.0005.05.02.0000",
    "tagtype": "vat",
    "vatmax": 3.814697180359872e-08,
    "vatmin": -1.5258788721439487e-07,
    "weight": 2
}