{
    "age": 5,
    "clothingelement": 1,
    "clothingid": 5,
    "description": "T-Shirt 00",
    "filetype": 3,
    "gender": 1,
    "height": 2,
    "loadWeightsFromMesh": 1,
    "meshpath": "Mesh.01.0005.05.01.0000",
    "skinpath": "Clothing/01/0005/Rigs/05/Skin.01.0005.05.01.0000",
    "tagtype": "vat",
    "vatmax": 0.13397347927093506,
    "vatmin": -0.06505905091762543,
    "weight": 3
}