{
    "age": 5,
    "clothingelement": 2,
    "clothingid": 6,
    "description": "Girls Deckhand ",
    "filetype": 3,
    "gender": 1,
    "height": 1,
    "loadWeightsFromMesh": 1,
    "meshpath": "Mesh.02.0006.05.01.0000",
    "skinpath": "Clothing/02/0006/Rigs/05/Skin.02.0006.05.01.0000",
    "tagtype": "vat",
    "vatmax": 0.018068304285407066,
    "vatmin": -0.020881805568933487,
    "weight": 2
}