{
    "age": 5,
    "clothingelement": 2,
    "clothingid": 6,
    "description": "Girls Deckhand ",
    "filetype": 3,
    "gender": 2,
    "height": 3,
    "loadWeightsFromMesh": 1,
    "meshpath": "Mesh.02.0006.05.02.0000",
    "skinpath": "Clothing/02/0006/Rigs/05/Skin.02.0006.05.02.0000",
    "tagtype": "vat",
    "vatmax": 0.01740083657205105,
    "vatmin": -0.014722556807100773,
    "weight": 3
}