{
    "age": 5,
    "clothingelement": 2,
    "clothingid": 6,
    "description": "Girls Deckhand ",
    "filetype": 3,
    "gender": 1,
    "height": 1,
    "loadWeightsFromMesh": 1,
    "meshpath": "Mesh.02.0006.05.01.0000",
    "skinpath": "Clothing/02/0006/Rigs/05/Skin.02.0006.05.01.0000",
    "tagtype": "vat",
    "vatmax": 0.01905066706240177,
    "vatmin": -0.024450434371829033,
    "weight": 3
}