{
    "age": 1,
    "clothingelement": 2,
    "clothingid": 11,
    "description": "Leather Formal Shoes",
    "filetype": 3,
    "gender": 2,
    "height": 3,
    "loadWeightsFromMesh": 1,
    "meshpath": "Mesh.02.0011.01.02.0000",
    "skinpath": "Clothing/02/0011/Rigs/01/Skin.02.0011.01.02.0000",
    "tagtype": "vat",
    "vatmax": 0.03232895955443382,
    "vatmin": -0.036290593445301056,
    "weight": 2
}