{
    "age": 1,
    "clothingelement": 2,
    "clothingid": 11,
    "description": "Leather Formal Shoes",
    "filetype": 3,
    "gender": 1,
    "height": 3,
    "loadWeightsFromMesh": 1,
    "meshpath": "Mesh.02.0011.01.01.0000",
    "skinpath": "Clothing/02/0011/Rigs/01/Skin.02.0011.01.01.0000",
    "tagtype": "vat",
    "vatmax": 0.03239006921648979,
    "vatmin": -0.036329083144664764,
    "weight": 2
}