{
    "age": 5,
    "clothingelement": 2,
    "clothingid": 58,
    "description": "Reebok SH PRIME COURT MID",
    "filetype": 3,
    "gender": 1,
    "height": 3,
    "loadWeightsFromMesh": 1,
    "meshpath": "Mesh.02.0058.05.01.0000",
    "skinpath": "Clothing/02/0058/Rigs/05/Skin.02.0058.05.01.0000",
    "tagtype": "vat",
    "vatmax": 0.018710479140281677,
    "vatmin": -0.01461338996887207,
    "weight": 2
}