{
    "age": 5,
    "clothingelement": 2,
    "clothingid": 58,
    "description": "Reebok SH PRIME COURT MID",
    "filetype": 3,
    "gender": 2,
    "height": 2,
    "loadWeightsFromMesh": 1,
    "meshpath": "Mesh.02.0058.05.02.0000",
    "skinpath": "Clothing/02/0058/Rigs/05/Skin.02.0058.05.02.0000",
    "tagtype": "vat",
    "vatmax": 0.011189031414687634,
    "vatmin": -0.011224774643778801,
    "weight": 1
}