{
    "age": 7,
    "clothingelement": 4,
    "clothingid": 1,
    "description": "Baseball Cap 00",
    "filetype": 3,
    "gender": 1,
    "height": 2,
    "loadWeightsFromMesh": 1,
    "meshpath": "Mesh.04.0001.07.01.0000",
    "skinpath": "Clothing/04/0001/Rigs/07/Skin.04.0001.07.01.0000",
    "tagtype": "vat",
    "vatmax": 0.0064917695708572865,
    "vatmin": -0.010025863535702229,
    "weight": 1
}