{
    "age": 7,
    "clothingelement": 4,
    "clothingid": 1,
    "description": "Baseball Cap 00",
    "filetype": 3,
    "gender": 2,
    "height": 2,
    "loadWeightsFromMesh": 1,
    "meshpath": "Mesh.04.0001.07.02.0000",
    "skinpath": "Clothing/04/0001/Rigs/07/Skin.04.0001.07.02.0000",
    "tagtype": "vat",
    "vatmax": 0.00979488343000412,
    "vatmin": -0.009823760949075222,
    "weight": 1
}