{
    "age": 1,
    "clothingelement": 2,
    "clothingid": 0,
    "description": "Shoe Generic",
    "filetype": 3,
    "gender": 2,
    "height": 3,
    "loadWeightsFromMesh": 1,
    "meshpath": "Mesh.02.0000.01.02.0000",
    "skinpath": "Clothing/02/0000/Rigs/01/Skin.02.0000.01.02.0000",
    "tagtype": "vat",
    "vatmax": 0.032472897320985794,
    "vatmin": -0.03375815227627754,
    "weight": 2
}