{
    "age": 3,
    "clothingelement": 2,
    "clothingid": 1,
    "description": "11 Pro SL TRX FG",
    "filetype": 3,
    "gender": 1,
    "height": 3,
    "loadWeightsFromMesh": 1,
    "meshpath": "Mesh.02.0001.03.01.0000",
    "skinpath": "Clothing/02/0001/Rigs/03/Skin.02.0001.03.01.0000",
    "tagtype": "vat",
    "vatmax": 9.53674295089968e-09,
    "vatmin": -1.3113021779531664e-08,
    "weight": 2
}