{
    "age": 1,
    "clothingelement": 2,
    "clothingid": 47,
    "description": "Reef Bantu",
    "filetype": 3,
    "gender": 1,
    "height": 3,
    "loadWeightsFromMesh": 1,
    "meshpath": "Mesh.02.0047.01.01.0000",
    "skinpath": "Clothing/02/0047/Rigs/01/Skin.02.0047.01.01.0000",
    "tagtype": "vat",
    "vatmax": 0.03305869176983833,
    "vatmin": -0.03571668267250061,
    "weight": 2
}