{
    "age": 1,
    "clothingelement": 2,
    "clothingid": 47,
    "description": "Reef Bantu",
    "filetype": 3,
    "gender": 2,
    "height": 3,
    "loadWeightsFromMesh": 1,
    "meshpath": "Mesh.02.0047.01.02.0000",
    "skinpath": "Clothing/02/0047/Rigs/01/Skin.02.0047.01.02.0000",
    "tagtype": "vat",
    "vatmax": 0.032507579773664474,
    "vatmin": -0.0352049358189106,
    "weight": 2
}