{
    "age": 1,
    "clothingelement": 2,
    "clothingid": 43,
    "description": "D ROSE 45",
    "filetype": 3,
    "gender": 1,
    "height": 2,
    "loadWeightsFromMesh": 1,
    "meshpath": "Mesh.02.0043.01.01.0000",
    "skinpath": "Clothing/02/0043/Rigs/01/Skin.02.0043.01.01.0000",
    "tagtype": "vat",
    "vatmax": 4.76837147544984e-09,
    "vatmin": -2.38418573772492e-09,
    "weight": 3
}