{
    "age": 1,
    "clothingelement": 2,
    "clothingid": 43,
    "description": "D ROSE 45",
    "filetype": 3,
    "gender": 1,
    "height": 3,
    "loadWeightsFromMesh": 1,
    "meshpath": "Mesh.02.0043.01.01.0000",
    "skinpath": "Clothing/02/0043/Rigs/01/Skin.02.0043.01.01.0000",
    "tagtype": "vat",
    "vatmax": 0.03241875395178795,
    "vatmin": -0.034989263862371445,
    "weight": 2
}