{
    "age": 5,
    "clothingelement": 3,
    "clothingid": 8,
    "description": "jeans",
    "filetype": 3,
    "gender": 2,
    "height": 1,
    "loadWeightsFromMesh": 1,
    "meshpath": "Mesh.03.0008.05.02.0000",
    "skinpath": "Clothing/03/0008/Rigs/05/Skin.03.0008.05.02.0000",
    "tagtype": "vat",
    "vatmax": 0.032636623829603195,
    "vatmin": -0.17643997073173523,
    "weight": 2
}