{
    "age": 5,
    "clothingelement": 3,
    "clothingid": 8,
    "description": "jeans",
    "filetype": 3,
    "gender": 1,
    "height": 2,
    "loadWeightsFromMesh": 1,
    "meshpath": "Mesh.03.0008.05.01.0000",
    "skinpath": "Clothing/03/0008/Rigs/05/Skin.03.0008.05.01.0000",
    "tagtype": "vat",
    "vatmax": 0.02598917856812477,
    "vatmin": -0.026904592290520668,
    "weight": 1
}