{
    "age": 5,
    "clothingelement": 3,
    "clothingid": 8,
    "description": "jeans",
    "filetype": 3,
    "gender": 2,
    "height": 2,
    "loadWeightsFromMesh": 1,
    "meshpath": "Mesh.03.0008.05.02.0000",
    "skinpath": "Clothing/03/0008/Rigs/05/Skin.03.0008.05.02.0000",
    "tagtype": "vat",
    "vatmax": 0.08636841922998428,
    "vatmin": -0.06267499923706055,
    "weight": 3
}