{
    "age": 5,
    "clothingelement": 3,
    "clothingid": 8,
    "description": "jeans",
    "filetype": 3,
    "gender": 1,
    "height": 3,
    "loadWeightsFromMesh": 1,
    "meshpath": "Mesh.03.0008.05.01.0000",
    "skinpath": "Clothing/03/0008/Rigs/05/Skin.03.0008.05.01.0000",
    "tagtype": "vat",
    "vatmax": 0.16951262950897217,
    "vatmin": -0.0013799642911180854,
    "weight": 2
}