{
    "age": 2,
    "clothingelement": 6,
    "clothingid": 0,
    "description": "Lacey Dress",
    "filetype": 3,
    "gender": 2,
    "height": 3,
    "loadWeightsFromMesh": 1,
    "meshpath": "Mesh.06.0000.02.02.0000",
    "skinpath": "Clothing/06/0000/Rigs/02/Skin.06.0000.02.02.0000",
    "tagtype": "vat",
    "vatmax": 0.22834014892578125,
    "vatmin": -0.03138435259461403,
    "weight": 2
}