{
    "age": 2,
    "clothingelement": 6,
    "clothingid": 0,
    "description": "Lacey Dress",
    "filetype": 3,
    "gender": 2,
    "height": 2,
    "loadWeightsFromMesh": 1,
    "meshpath": "Mesh.06.0000.02.02.0000",
    "skinpath": "Clothing/06/0000/Rigs/02/Skin.06.0000.02.02.0000",
    "tagtype": "vat",
    "vatmax": 1.907348590179936e-08,
    "vatmin": -1.907348590179936e-08,
    "weight": 1
}