{
    "age": 2,
    "clothingelement": 2,
    "clothingid": 17,
    "description": "Reebok Retro Rush",
    "filetype": 3,
    "gender": 1,
    "height": 3,
    "loadWeightsFromMesh": 1,
    "meshpath": "Mesh.02.0017.02.01.0000",
    "skinpath": "Clothing/02/0017/Rigs/02/Skin.02.0017.02.01.0000",
    "tagtype": "vat",
    "vatmax": 0.02889825776219368,
    "vatmin": -0.024887876585125923,
    "weight": 2
}