{
    "age": 2,
    "clothingelement": 2,
    "clothingid": 38,
    "description": "MARTIN WEDGE LACE BOOT",
    "filetype": 3,
    "gender": 1,
    "height": 3,
    "loadWeightsFromMesh": 1,
    "meshpath": "Mesh.02.0038.02.01.0000",
    "skinpath": "Clothing/02/0038/Rigs/02/Skin.02.0038.02.01.0000",
    "tagtype": "vat",
    "vatmax": 0.04256316274404526,
    "vatmin": -0.024768752977252007,
    "weight": 2
}