{
    "age": 3,
    "element": 2,
    "filetype": 3,
    "gender": 1,
    "height": 2,
    "loadWeightsFromMesh": 1,
    "meshpath": "Mesh.01.0000.03.01.0000",
    "skinpath": "/Character/01/0000/Rigs/03/Skin.01.0000.03.01.0000",
    "tagtype": "vat",
    "vatmax": 0.010281371884047985,
    "vatmin": -0.012470549903810024,
    "weight": 2
}