{
    "age": 3,
    "element": 2,
    "filetype": 3,
    "gender": 1,
    "height": 2,
    "loadWeightsFromMesh": 1,
    "meshpath": "Mesh.01.0000.03.01.0000",
    "skinpath": "/Character/01/0000/Rigs/03/Skin.01.0000.03.01.0000",
    "tagtype": "vat",
    "vatmax": 0.011471099220216274,
    "vatmin": -0.01332978717982769,
    "weight": 2
}