{
    "age": 2,
    "clothingelement": 2,
    "clothingid": 4,
    "description": "Dragon W",
    "filetype": 3,
    "gender": 1,
    "height": 1,
    "loadWeightsFromMesh": 1,
    "meshpath": "Mesh.02.0004.02.01.0000",
    "skinpath": "Clothing/02/0004/Rigs/02/Skin.02.0004.02.01.0000",
    "tagtype": "vat",
    "vatmax": 3.5762786065873797e-09,
    "vatmin": -4.76837147544984e-09,
    "weight": 2
}