{
    "age": 2,
    "clothingelement": 2,
    "clothingid": 4,
    "description": "Dragon W",
    "filetype": 3,
    "gender": 1,
    "height": 3,
    "loadWeightsFromMesh": 1,
    "meshpath": "Mesh.02.0004.02.01.0000",
    "skinpath": "Clothing/02/0004/Rigs/02/Skin.02.0004.02.01.0000",
    "tagtype": "vat",
    "vatmax": 0.029119959101080894,
    "vatmin": -0.024927539750933647,
    "weight": 2
}