{
    "age": 1,
    "clothingelement": 2,
    "clothingid": 9,
    "description": "Grand Prix",
    "filetype": 3,
    "gender": 1,
    "height": 3,
    "loadWeightsFromMesh": 1,
    "meshpath": "Mesh.02.0009.01.01.0000",
    "skinpath": "Clothing/02/0009/Rigs/01/Skin.02.0009.01.01.0000",
    "tagtype": "vat",
    "vatmax": 0.032288361340761185,
    "vatmin": -0.034846510738134384,
    "weight": 2
}