{
    "age": 1,
    "clothingelement": 2,
    "clothingid": 9,
    "description": "Grand Prix",
    "filetype": 3,
    "gender": 2,
    "height": 3,
    "loadWeightsFromMesh": 1,
    "meshpath": "Mesh.02.0009.01.02.0000",
    "skinpath": "Clothing/02/0009/Rigs/01/Skin.02.0009.01.02.0000",
    "tagtype": "vat",
    "vatmax": 0.03235958144068718,
    "vatmin": -0.03472616523504257,
    "weight": 2
}