{
    "age": 1,
    "clothingelement": 2,
    "clothingid": 57,
    "description": "Reebok SH NEWPORT LOW",
    "filetype": 3,
    "gender": 2,
    "height": 3,
    "loadWeightsFromMesh": 1,
    "meshpath": "Mesh.02.0057.01.02.0000",
    "skinpath": "Clothing/02/0057/Rigs/01/Skin.02.0057.01.02.0000",
    "tagtype": "vat",
    "vatmax": 0.03243368864059448,
    "vatmin": -0.03551967069506645,
    "weight": 2
}