{
    "age": 1,
    "clothingelement": 2,
    "clothingid": 57,
    "description": "Reebok SH NEWPORT LOW",
    "filetype": 3,
    "gender": 1,
    "height": 3,
    "loadWeightsFromMesh": 1,
    "meshpath": "Mesh.02.0057.01.01.0000",
    "skinpath": "Clothing/02/0057/Rigs/01/Skin.02.0057.01.01.0000",
    "tagtype": "vat",
    "vatmax": 0.03242519125342369,
    "vatmin": -0.035245127975940704,
    "weight": 2
}