{
    "age": 5,
    "clothingelement": 1,
    "clothingid": 10,
    "description": "sports_bra",
    "filetype": 3,
    "gender": 2,
    "height": 1,
    "loadWeightsFromMesh": 1,
    "meshpath": "Mesh.01.0010.05.02.0000",
    "skinpath": "Clothing/01/0010/Rigs/05/Skin.01.0010.05.02.0000",
    "tagtype": "vat",
    "vatmax": 0.025241898372769356,
    "vatmin": -0.2535250782966614,
    "weight": 2
}