{
    "age": 5,
    "clothingelement": 1,
    "clothingid": 10,
    "description": "sports_bra",
    "filetype": 3,
    "gender": 2,
    "height": 2,
    "loadWeightsFromMesh": 1,
    "meshpath": "Mesh.01.0010.05.02.0000",
    "skinpath": "Clothing/01/0010/Rigs/05/Skin.01.0010.05.02.0000",
    "tagtype": "vat",
    "vatmax": 0.07409986108541489,
    "vatmin": -0.08327138423919678,
    "weight": 3
}