{
    "age": 5,
    "clothingelement": 1,
    "clothingid": 10,
    "description": "sports_bra",
    "filetype": 3,
    "gender": 2,
    "height": 2,
    "loadWeightsFromMesh": 1,
    "meshpath": "Mesh.01.0010.05.02.0000",
    "skinpath": "Clothing/01/0010/Rigs/05/Skin.01.0010.05.02.0000",
    "tagtype": "vat",
    "vatmax": 1.907348590179936e-08,
    "vatmin": -4.768371297814156e-08,
    "weight": 2
}