{
    "age": 5,
    "clothingelement": 2,
    "clothingid": 19,
    "description": "Samoa",
    "filetype": 3,
    "gender": 2,
    "height": 3,
    "loadWeightsFromMesh": 1,
    "meshpath": "Mesh.02.0019.05.02.0000",
    "skinpath": "Clothing/02/0019/Rigs/05/Skin.02.0019.05.02.0000",
    "tagtype": "vat",
    "vatmax": 0.016123102977871895,
    "vatmin": -0.015513638965785503,
    "weight": 2
}