{
    "age": 5,
    "clothingelement": 2,
    "clothingid": 19,
    "description": "Samoa",
    "filetype": 3,
    "gender": 1,
    "height": 1,
    "loadWeightsFromMesh": 1,
    "meshpath": "Mesh.02.0019.05.01.0000",
    "skinpath": "Clothing/02/0019/Rigs/05/Skin.02.0019.05.01.0000",
    "tagtype": "vat",
    "vatmax": 0.0215091984719038,
    "vatmin": -0.025258636102080345,
    "weight": 1
}