{
    "age": 5,
    "clothingelement": 2,
    "clothingid": 19,
    "description": "Samoa",
    "filetype": 3,
    "gender": 2,
    "height": 2,
    "loadWeightsFromMesh": 1,
    "meshpath": "Mesh.02.0019.05.02.0000",
    "skinpath": "Clothing/02/0019/Rigs/05/Skin.02.0019.05.02.0000",
    "tagtype": "vat",
    "vatmax": 0.01136527955532074,
    "vatmin": -0.01131780631840229,
    "weight": 1
}