{
    "age": 5,
    "clothingelement": 2,
    "clothingid": 19,
    "description": "Samoa",
    "filetype": 3,
    "gender": 1,
    "height": 3,
    "loadWeightsFromMesh": 1,
    "meshpath": "Mesh.02.0019.05.01.0000",
    "skinpath": "Clothing/02/0019/Rigs/05/Skin.02.0019.05.01.0000",
    "tagtype": "vat",
    "vatmax": 0.01612340845167637,
    "vatmin": -0.013746051117777824,
    "weight": 1
}