{
    "age": 5,
    "clothingelement": 2,
    "clothingid": 19,
    "description": "Samoa",
    "filetype": 3,
    "gender": 2,
    "height": 1,
    "loadWeightsFromMesh": 1,
    "meshpath": "Mesh.02.0019.05.02.0000",
    "skinpath": "Clothing/02/0019/Rigs/05/Skin.02.0019.05.02.0000",
    "tagtype": "vat",
    "vatmax": 0.02067399024963379,
    "vatmin": -0.02374669909477234,
    "weight": 3
}