{
    "age": 5,
    "clothingelement": 2,
    "clothingid": 19,
    "description": "Samoa",
    "filetype": 3,
    "gender": 1,
    "height": 2,
    "loadWeightsFromMesh": 1,
    "meshpath": "Mesh.02.0019.05.01.0000",
    "skinpath": "Clothing/02/0019/Rigs/05/Skin.02.0019.05.01.0000",
    "tagtype": "vat",
    "vatmax": 0.020680546760559082,
    "vatmin": -0.011423368006944656,
    "weight": 3
}