{
    "age": 5,
    "element": 1,
    "filetype": 3,
    "gender": 2,
    "height": 2,
    "loadWeightsFromMesh": 1,
    "meshpath": "Mesh.01.0000.05.02.0000",
    "skinpath": "/Character/01/0000/Rigs/05/Skin.01.0000.05.02.0000",
    "tagtype": "vat",
    "vatmax": 0.01492591854184866,
    "vatmin": -0.033502720296382904,
    "weight": 1
}