{
    "age": 5,
    "element": 1,
    "filetype": 3,
    "gender": 1,
    "height": 1,
    "loadWeightsFromMesh": 1,
    "meshpath": "Mesh.01.0000.05.01.0000",
    "skinpath": "/Character/01/0000/Rigs/05/Skin.01.0000.05.01.0000",
    "tagtype": "vat",
    "vatmax": 0.10107845067977905,
    "vatmin": -0.28346526622772217,
    "weight": 1
}