{
    "age": 2,
    "clothingelement": 2,
    "clothingid": 18,
    "description": "Sambe Hemp",
    "filetype": 3,
    "gender": 2,
    "height": 3,
    "loadWeightsFromMesh": 1,
    "meshpath": "Mesh.02.0018.02.02.0000",
    "skinpath": "Clothing/02/0018/Rigs/02/Skin.02.0018.02.02.0000",
    "tagtype": "vat",
    "vatmax": 0.02993742935359478,
    "vatmin": -0.024704208597540855,
    "weight": 2
}