{
    "age": 2,
    "clothingelement": 2,
    "clothingid": 18,
    "description": "Sambe Hemp",
    "filetype": 3,
    "gender": 1,
    "height": 2,
    "loadWeightsFromMesh": 1,
    "meshpath": "Mesh.02.0018.02.01.0000",
    "skinpath": "Clothing/02/0018/Rigs/02/Skin.02.0018.02.01.0000",
    "tagtype": "vat",
    "vatmax": 2.38418573772492e-09,
    "vatmin": -3.5762786065873797e-09,
    "weight": 3
}