{
    "age": 2,
    "clothingelement": 2,
    "clothingid": 18,
    "description": "Sambe Hemp",
    "filetype": 3,
    "gender": 1,
    "height": 3,
    "loadWeightsFromMesh": 1,
    "meshpath": "Mesh.02.0018.02.01.0000",
    "skinpath": "Clothing/02/0018/Rigs/02/Skin.02.0018.02.01.0000",
    "tagtype": "vat",
    "vatmax": 0.029185781255364418,
    "vatmin": -0.02453913725912571,
    "weight": 2
}