{
    "age": 2,
    "clothingelement": 1,
    "clothingid": 3,
    "description": "T-Shirt 00",
    "filetype": 3,
    "gender": 1,
    "height": 3,
    "loadWeightsFromMesh": 1,
    "meshpath": "Mesh.01.0003.02.01.0000",
    "skinpath": "Clothing/01/0003/Rigs/02/Skin.01.0003.02.01.0000",
    "tagtype": "vat",
    "vatmax": 0.22772598266601562,
    "vatmin": -0.025479773059487343,
    "weight": 2
}