{
    "age": 2,
    "clothingelement": 1,
    "clothingid": 3,
    "description": "T-Shirt 00",
    "filetype": 3,
    "gender": 2,
    "height": 2,
    "loadWeightsFromMesh": 1,
    "meshpath": "Mesh.01.0003.02.02.0000",
    "skinpath": "Clothing/01/0003/Rigs/02/Skin.01.0003.02.02.0000",
    "tagtype": "vat",
    "vatmax": 1.907348590179936e-08,
    "vatmin": -9.53674295089968e-09,
    "weight": 3
}