{
    "age": 2,
    "clothingelement": 1,
    "clothingid": 3,
    "description": "T-Shirt 00",
    "filetype": 3,
    "gender": 2,
    "height": 3,
    "loadWeightsFromMesh": 1,
    "meshpath": "Mesh.01.0003.02.02.0000",
    "skinpath": "Clothing/01/0003/Rigs/02/Skin.01.0003.02.02.0000",
    "tagtype": "vat",
    "vatmax": 0.22771620750427246,
    "vatmin": -0.025164861232042313,
    "weight": 2
}