{
    "age": 5,
    "clothingelement": 1,
    "clothingid": 2,
    "description": "Lauren Jacket",
    "filetype": 3,
    "gender": 1,
    "height": 3,
    "loadWeightsFromMesh": 1,
    "meshpath": "Mesh.01.0002.05.01.0000",
    "skinpath": "Clothing/01/0002/Rigs/05/Skin.01.0002.05.01.0000",
    "tagtype": "vat",
    "vatmax": 0.21599562466144562,
    "vatmin": -0.06783241033554077,
    "weight": 2
}