{
    "age": 5,
    "clothingelement": 1,
    "clothingid": 2,
    "description": "Lauren Jacket",
    "filetype": 3,
    "gender": 2,
    "height": 2,
    "loadWeightsFromMesh": 1,
    "meshpath": "Mesh.01.0002.05.02.0000",
    "skinpath": "Clothing/01/0002/Rigs/05/Skin.01.0002.05.02.0000",
    "tagtype": "vat",
    "vatmax": 0.015152053907513618,
    "vatmin": -0.03210437670350075,
    "weight": 1
}