{
    "age": 5,
    "clothingelement": 1,
    "clothingid": 2,
    "description": "Lauren Jacket",
    "filetype": 3,
    "gender": 1,
    "height": 1,
    "loadWeightsFromMesh": 1,
    "meshpath": "Mesh.01.0002.05.01.0000",
    "skinpath": "Clothing/01/0002/Rigs/05/Skin.01.0002.05.01.0000",
    "tagtype": "vat",
    "vatmax": 0.08822654187679291,
    "vatmin": -0.2580920457839966,
    "weight": 2
}