{
    "age": 5,
    "clothingelement": 1,
    "clothingid": 2,
    "description": "Lauren Jacket",
    "filetype": 3,
    "gender": 2,
    "height": 3,
    "loadWeightsFromMesh": 1,
    "meshpath": "Mesh.01.0002.05.02.0000",
    "skinpath": "Clothing/01/0002/Rigs/05/Skin.01.0002.05.02.0000",
    "tagtype": "vat",
    "vatmax": 0.2076461762189865,
    "vatmin": -0.06572265177965164,
    "weight": 2
}