{
    "age": 2,
    "clothingelement": 3,
    "clothingid": 0,
    "description": "Darcy Woven Pants",
    "filetype": 3,
    "gender": 1,
    "height": 3,
    "loadWeightsFromMesh": 1,
    "meshpath": "Mesh.03.0000.02.01.0000",
    "skinpath": "Clothing/03/0000/Rigs/02/Skin.03.0000.02.01.0000",
    "tagtype": "vat",
    "vatmax": 0.17168350517749786,
    "vatmin": -0.023466939106583595,
    "weight": 2
}