{
    "age": 2,
    "clothingelement": 2,
    "clothingid": 46,
    "description": "Reebok_FS HI MINI",
    "filetype": 3,
    "gender": 1,
    "height": 3,
    "loadWeightsFromMesh": 1,
    "meshpath": "Mesh.02.0046.02.01.0000",
    "skinpath": "Clothing/02/0046/Rigs/02/Skin.02.0046.02.01.0000",
    "tagtype": "vat",
    "vatmax": 0.030358394607901573,
    "vatmin": -0.024550532922148705,
    "weight": 2
}