{
    "age": 2,
    "clothingelement": 2,
    "clothingid": 46,
    "description": "Reebok_FS HI MINI",
    "filetype": 3,
    "gender": 2,
    "height": 3,
    "loadWeightsFromMesh": 1,
    "meshpath": "Mesh.02.0046.02.02.0000",
    "skinpath": "Clothing/02/0046/Rigs/02/Skin.02.0046.02.02.0000",
    "tagtype": "vat",
    "vatmax": 0.02991165965795517,
    "vatmin": -0.0249369814991951,
    "weight": 2
}