{
    "age": 2,
    "clothingelement": 2,
    "clothingid": 48,
    "description": "Reebok Triple Break Lite",
    "filetype": 3,
    "gender": 2,
    "height": 3,
    "loadWeightsFromMesh": 1,
    "meshpath": "Mesh.02.0048.02.02.0000",
    "skinpath": "Clothing/02/0048/Rigs/02/Skin.02.0048.02.02.0000",
    "tagtype": "vat",
    "vatmax": 0.029891546815633774,
    "vatmin": -0.024850405752658844,
    "weight": 2
}