{
    "age": 2,
    "clothingelement": 2,
    "clothingid": 48,
    "description": "Reebok Triple Break Lite",
    "filetype": 3,
    "gender": 1,
    "height": 3,
    "loadWeightsFromMesh": 1,
    "meshpath": "Mesh.02.0048.02.01.0000",
    "skinpath": "Clothing/02/0048/Rigs/02/Skin.02.0048.02.01.0000",
    "tagtype": "vat",
    "vatmax": 0.029112176969647408,
    "vatmin": -0.02470805123448372,
    "weight": 2
}