{
    "age": 1,
    "clothingelement": 2,
    "clothingid": 46,
    "description": "Reebok_FS HI MINI",
    "filetype": 3,
    "gender": 1,
    "height": 3,
    "loadWeightsFromMesh": 1,
    "meshpath": "Mesh.02.0046.01.01.0000",
    "skinpath": "Clothing/02/0046/Rigs/01/Skin.02.0046.01.01.0000",
    "tagtype": "vat",
    "vatmax": 0.03226970508694649,
    "vatmin": -0.03522714227437973,
    "weight": 2
}