{
    "age": 1,
    "clothingelement": 2,
    "clothingid": 46,
    "description": "Reebok_FS HI MINI",
    "filetype": 3,
    "gender": 2,
    "height": 3,
    "loadWeightsFromMesh": 1,
    "meshpath": "Mesh.02.0046.01.02.0000",
    "skinpath": "Clothing/02/0046/Rigs/01/Skin.02.0046.01.02.0000",
    "tagtype": "vat",
    "vatmax": 0.032515477389097214,
    "vatmin": -0.035857196897268295,
    "weight": 2
}