{
    "age": 1,
    "clothingelement": 2,
    "clothingid": 46,
    "description": "Reebok_FS HI MINI",
    "filetype": 3,
    "gender": 1,
    "height": 2,
    "loadWeightsFromMesh": 1,
    "meshpath": "Mesh.02.0046.01.01.0000",
    "skinpath": "Clothing/02/0046/Rigs/01/Skin.02.0046.01.01.0000",
    "tagtype": "vat",
    "vatmax": 7.1525572131747595e-09,
    "vatmin": -5.364417798858767e-09,
    "weight": 3
}