{
    "age": 5,
    "clothingelement": 2,
    "clothingid": 24,
    "description": "Reebok CLASSIC LEGACY II",
    "filetype": 3,
    "gender": 2,
    "height": 3,
    "loadWeightsFromMesh": 1,
    "meshpath": "Mesh.02.0024.05.02.0000",
    "skinpath": "Clothing/02/0024/Rigs/05/Skin.02.0024.05.02.0000",
    "tagtype": "vat",
    "vatmax": 0.030223216861486435,
    "vatmin": -0.017219142988324165,
    "weight": 3
}