{
    "age": 5,
    "clothingelement": 2,
    "clothingid": 24,
    "description": "Reebok CLASSIC LEGACY II",
    "filetype": 3,
    "gender": 1,
    "height": 3,
    "loadWeightsFromMesh": 1,
    "meshpath": "Mesh.02.0024.05.01.0000",
    "skinpath": "Clothing/02/0024/Rigs/05/Skin.02.0024.05.01.0000",
    "tagtype": "vat",
    "vatmax": 0.018935298547148705,
    "vatmin": -0.014514083974063396,
    "weight": 2
}