{
    "age": 5,
    "clothingelement": 2,
    "clothingid": 24,
    "description": "Reebok CLASSIC LEGACY II",
    "filetype": 3,
    "gender": 2,
    "height": 2,
    "loadWeightsFromMesh": 1,
    "meshpath": "Mesh.02.0024.05.02.0000",
    "skinpath": "Clothing/02/0024/Rigs/05/Skin.02.0024.05.02.0000",
    "tagtype": "vat",
    "vatmax": 0.011039810255169868,
    "vatmin": -0.013057180680334568,
    "weight": 1
}