{
    "age": 5,
    "clothingelement": 2,
    "clothingid": 24,
    "description": "Reebok CLASSIC LEGACY II",
    "filetype": 3,
    "gender": 2,
    "height": 3,
    "loadWeightsFromMesh": 1,
    "meshpath": "Mesh.02.0024.05.02.0000",
    "skinpath": "Clothing/02/0024/Rigs/05/Skin.02.0024.05.02.0000",
    "tagtype": "vat",
    "vatmax": 0.02851957269012928,
    "vatmin": -0.015612640418112278,
    "weight": 2
}