{
    "age": 1,
    "clothingelement": 2,
    "clothingid": 3,
    "description": "Colton Winter Chukka",
    "filetype": 3,
    "gender": 1,
    "height": 3,
    "loadWeightsFromMesh": 1,
    "meshpath": "Mesh.02.0003.01.01.0000",
    "skinpath": "Clothing/02/0003/Rigs/01/Skin.02.0003.01.01.0000",
    "tagtype": "vat",
    "vatmax": 0.036304913461208344,
    "vatmin": -0.03717048466205597,
    "weight": 2
}