{
    "age": 5,
    "clothingelement": 2,
    "clothingid": 17,
    "description": "Reebok Retro Rush",
    "filetype": 3,
    "gender": 2,
    "height": 1,
    "loadWeightsFromMesh": 1,
    "meshpath": "Mesh.02.0017.05.02.0000",
    "skinpath": "Clothing/02/0017/Rigs/05/Skin.02.0017.05.02.0000",
    "tagtype": "vat",
    "vatmax": 0.023854216560721397,
    "vatmin": -0.026496199890971184,
    "weight": 2
}