{
    "age": 5,
    "clothingelement": 2,
    "clothingid": 17,
    "description": "Reebok Retro Rush",
    "filetype": 3,
    "gender": 1,
    "height": 3,
    "loadWeightsFromMesh": 1,
    "meshpath": "Mesh.02.0017.05.01.0000",
    "skinpath": "Clothing/02/0017/Rigs/05/Skin.02.0017.05.01.0000",
    "tagtype": "vat",
    "vatmax": 0.016131896525621414,
    "vatmin": -0.013720578514039516,
    "weight": 1
}