{
    "age": 5,
    "clothingelement": 2,
    "clothingid": 17,
    "description": "Reebok Retro Rush",
    "filetype": 3,
    "gender": 2,
    "height": 2,
    "loadWeightsFromMesh": 1,
    "meshpath": "Mesh.02.0017.05.02.0000",
    "skinpath": "Clothing/02/0017/Rigs/05/Skin.02.0017.05.02.0000",
    "tagtype": "vat",
    "vatmax": 0.005855779629200697,
    "vatmin": -0.0030101106967777014,
    "weight": 3
}