{
    "age": 5,
    "clothingelement": 2,
    "clothingid": 17,
    "description": "Reebok Retro Rush",
    "filetype": 3,
    "gender": 1,
    "height": 3,
    "loadWeightsFromMesh": 1,
    "meshpath": "Mesh.02.0017.05.01.0000",
    "skinpath": "Clothing/02/0017/Rigs/05/Skin.02.0017.05.01.0000",
    "tagtype": "vat",
    "vatmax": 0.018385695293545723,
    "vatmin": -0.01463147159665823,
    "weight": 2
}