{
    "age": 2,
    "clothingelement": 2,
    "clothingid": 51,
    "description": "UGG Cambridge Womens Black 7",
    "filetype": 3,
    "gender": 1,
    "height": 3,
    "loadWeightsFromMesh": 1,
    "meshpath": "Mesh.02.0051.02.01.0000",
    "skinpath": "Clothing/02/0051/Rigs/02/Skin.02.0051.02.01.0000",
    "tagtype": "vat",
    "vatmax": 0.045570600777864456,
    "vatmin": -0.024616174399852753,
    "weight": 2
}