{
    "age": 5,
    "clothingelement": 2,
    "clothingid": 45,
    "description": "Reebok SL FLIP UPDATE",
    "filetype": 3,
    "gender": 2,
    "height": 2,
    "loadWeightsFromMesh": 1,
    "meshpath": "Mesh.02.0045.05.02.0000",
    "skinpath": "Clothing/02/0045/Rigs/05/Skin.02.0045.05.02.0000",
    "tagtype": "vat",
    "vatmax": 0.005930137354880571,
    "vatmin": -0.004997911397367716,
    "weight": 3
}