{
    "age": 5,
    "clothingelement": 3,
    "clothingid": 5,
    "description": "sports_shorts",
    "filetype": 3,
    "gender": 1,
    "height": 2,
    "loadWeightsFromMesh": 1,
    "meshpath": "Mesh.03.0005.05.01.0000",
    "skinpath": "Clothing/03/0005/Rigs/05/Skin.03.0005.05.01.0000",
    "tagtype": "vat",
    "vatmax": 0.02551344782114029,
    "vatmin": -0.025478657335042953,
    "weight": 1
}