{
    "age": 5,
    "clothingelement": 3,
    "clothingid": 5,
    "description": "sports_shorts",
    "filetype": 3,
    "gender": 2,
    "height": 2,
    "loadWeightsFromMesh": 1,
    "meshpath": "Mesh.03.0005.05.02.0000",
    "skinpath": "Clothing/03/0005/Rigs/05/Skin.03.0005.05.02.0000",
    "tagtype": "vat",
    "vatmax": 0.09192323684692383,
    "vatmin": -0.06349684298038483,
    "weight": 3
}