{
    "age": 5,
    "clothingelement": 2,
    "clothingid": 18,
    "description": "Sambe Hemp",
    "filetype": 3,
    "gender": 2,
    "height": 3,
    "loadWeightsFromMesh": 1,
    "meshpath": "Mesh.02.0018.05.02.0000",
    "skinpath": "Clothing/02/0018/Rigs/05/Skin.02.0018.05.02.0000",
    "tagtype": "vat",
    "vatmax": 0.017412222921848297,
    "vatmin": -0.015024413354694843,
    "weight": 3
}