{
    "age": 5,
    "clothingelement": 2,
    "clothingid": 18,
    "description": "Sambe Hemp",
    "filetype": 3,
    "gender": 1,
    "height": 2,
    "loadWeightsFromMesh": 1,
    "meshpath": "Mesh.02.0018.05.01.0000",
    "skinpath": "Clothing/02/0018/Rigs/05/Skin.02.0018.05.01.0000",
    "tagtype": "vat",
    "vatmax": 0.02192341722548008,
    "vatmin": -0.01128764171153307,
    "weight": 3
}