{
    "age": 5,
    "clothingelement": 2,
    "clothingid": 18,
    "description": "Sambe Hemp",
    "filetype": 3,
    "gender": 1,
    "height": 3,
    "loadWeightsFromMesh": 1,
    "meshpath": "Mesh.02.0018.05.01.0000",
    "skinpath": "Clothing/02/0018/Rigs/05/Skin.02.0018.05.01.0000",
    "tagtype": "vat",
    "vatmax": 0.018566874787211418,
    "vatmin": -0.01443472784012556,
    "weight": 2
}