{
    "age": 2,
    "clothingelement": 2,
    "clothingid": 9,
    "description": "Grand Prix",
    "filetype": 3,
    "gender": 1,
    "height": 3,
    "loadWeightsFromMesh": 1,
    "meshpath": "Mesh.02.0009.02.01.0000",
    "skinpath": "Clothing/02/0009/Rigs/02/Skin.02.0009.02.01.0000",
    "tagtype": "vat",
    "vatmax": 0.02924409881234169,
    "vatmin": -0.024511346593499184,
    "weight": 2
}