{
    "age": 2,
    "clothingelement": 2,
    "clothingid": 9,
    "description": "Grand Prix",
    "filetype": 3,
    "gender": 2,
    "height": 3,
    "loadWeightsFromMesh": 1,
    "meshpath": "Mesh.02.0009.02.02.0000",
    "skinpath": "Clothing/02/0009/Rigs/02/Skin.02.0009.02.02.0000",
    "tagtype": "vat",
    "vatmax": 0.03017515130341053,
    "vatmin": -0.02466309443116188,
    "weight": 2
}