{
    "age": 2,
    "clothingelement": 2,
    "clothingid": 58,
    "description": "Reebok SH PRIME COURT MID",
    "filetype": 3,
    "gender": 1,
    "height": 3,
    "loadWeightsFromMesh": 1,
    "meshpath": "Mesh.02.0058.02.01.0000",
    "skinpath": "Clothing/02/0058/Rigs/02/Skin.02.0058.02.01.0000",
    "tagtype": "vat",
    "vatmax": 0.029161175712943077,
    "vatmin": -0.024620093405246735,
    "weight": 2
}