{
    "age": 2,
    "clothingelement": 2,
    "clothingid": 32,
    "description": "Reebok SH PRIME COURT LOW",
    "filetype": 3,
    "gender": 1,
    "height": 3,
    "loadWeightsFromMesh": 1,
    "meshpath": "Mesh.02.0032.02.01.0000",
    "skinpath": "Clothing/02/0032/Rigs/02/Skin.02.0032.02.01.0000",
    "tagtype": "vat",
    "vatmax": 0.029768018051981926,
    "vatmin": -0.024683769792318344,
    "weight": 2
}