{
    "age": 1,
    "element": 2,
    "filetype": 3,
    "gender": 1,
    "height": 2,
    "loadWeightsFromMesh": 1,
    "meshpath": "Mesh.01.0000.01.01.0000",
    "skinpath": "/Character/01/0000/Rigs/01/Skin.01.0000.01.01.0000",
    "tagtype": "vat",
    "vatmax": 0.012047805823385715,
    "vatmin": -0.0070848916657269,
    "weight": 2
}