{
    "age": 1,
    "element": 2,
    "filetype": 3,
    "gender": 1,
    "height": 2,
    "loadWeightsFromMesh": 1,
    "meshpath": "Mesh.01.0000.01.01.0000",
    "skinpath": "/Character/01/0000/Rigs/01/Skin.01.0000.01.01.0000",
    "tagtype": "vat",
    "vatmax": 0.014116058126091957,
    "vatmin": -0.006833076477050781,
    "weight": 2
}