{
    "age": 3,
    "clothingelement": 2,
    "clothingid": 54,
    "description": "JS WINGS 20 BLACK FLAG",
    "filetype": 3,
    "gender": 1,
    "height": 2,
    "loadWeightsFromMesh": 1,
    "meshpath": "Mesh.02.0054.03.01.0000",
    "skinpath": "Clothing/02/0054/Rigs/03/Skin.02.0054.03.01.0000",
    "tagtype": "vat",
    "vatmax": 1.4305114426349519e-08,
    "vatmin": -2.5033950024067053e-08,
    "weight": 3
}