{
    "age": 1,
    "clothingelement": 1,
    "clothingid": 0,
    "description": "Evie Knit Top",
    "filetype": 3,
    "gender": 2,
    "height": 3,
    "loadWeightsFromMesh": 1,
    "meshpath": "Mesh.01.0000.01.02.0000",
    "skinpath": "Clothing/01/0000/Rigs/01/Skin.01.0000.01.02.0000",
    "tagtype": "vat",
    "vatmax": 0.23377551138401031,
    "vatmin": -0.026193570345640182,
    "weight": 2
}