{
    "age": 5,
    "clothingelement": 2,
    "clothingid": 47,
    "description": "Reef Bantu",
    "filetype": 3,
    "gender": 1,
    "height": 1,
    "loadWeightsFromMesh": 1,
    "meshpath": "Mesh.02.0047.05.01.0000",
    "skinpath": "Clothing/02/0047/Rigs/05/Skin.02.0047.05.01.0000",
    "tagtype": "vat",
    "vatmax": 0.019647685810923576,
    "vatmin": -0.024165848270058632,
    "weight": 3
}