{
    "age": 5,
    "clothingelement": 2,
    "clothingid": 47,
    "description": "Reef Bantu",
    "filetype": 3,
    "gender": 2,
    "height": 2,
    "loadWeightsFromMesh": 1,
    "meshpath": "Mesh.02.0047.05.02.0000",
    "skinpath": "Clothing/02/0047/Rigs/05/Skin.02.0047.05.02.0000",
    "tagtype": "vat",
    "vatmax": 4.76837147544984e-09,
    "vatmin": -1.907348590179936e-08,
    "weight": 2
}