{
    "age": 5,
    "clothingelement": 2,
    "clothingid": 47,
    "description": "Reef Bantu",
    "filetype": 3,
    "gender": 2,
    "height": 3,
    "loadWeightsFromMesh": 1,
    "meshpath": "Mesh.02.0047.05.02.0000",
    "skinpath": "Clothing/02/0047/Rigs/05/Skin.02.0047.05.02.0000",
    "tagtype": "vat",
    "vatmax": 0.06526684015989304,
    "vatmin": -0.02214457467198372,
    "weight": 1
}