{
    "age": 5,
    "clothingelement": 2,
    "clothingid": 47,
    "description": "Reef Bantu",
    "filetype": 3,
    "gender": 2,
    "height": 1,
    "loadWeightsFromMesh": 1,
    "meshpath": "Mesh.02.0047.05.02.0000",
    "skinpath": "Clothing/02/0047/Rigs/05/Skin.02.0047.05.02.0000",
    "tagtype": "vat",
    "vatmax": 0.019824542105197906,
    "vatmin": -0.024045638740062714,
    "weight": 1
}