{
    "age": 5,
    "clothingelement": 2,
    "clothingid": 4,
    "description": "Dragon W",
    "filetype": 3,
    "gender": 1,
    "height": 3,
    "loadWeightsFromMesh": 1,
    "meshpath": "Mesh.02.0004.05.01.0000",
    "skinpath": "Clothing/02/0004/Rigs/05/Skin.02.0004.05.01.0000",
    "tagtype": "vat",
    "vatmax": 0.018582820892333984,
    "vatmin": -0.014608649536967278,
    "weight": 2
}