{
    "age": 5,
    "clothingelement": 2,
    "clothingid": 4,
    "description": "D-Rose Englewood II",
    "filetype": 3,
    "gender": 2,
    "height": 3,
    "loadWeightsFromMesh": 1,
    "meshpath": "Mesh.02.0004.05.02.0000",
    "skinpath": "Clothing/02/0004/Rigs/05/Skin.02.0004.05.02.0000",
    "tagtype": "vat",
    "vatmax": 0.016472548246383667,
    "vatmin": -0.01574445702135563,
    "weight": 2
}