{
    "age": 5,
    "clothingelement": 2,
    "clothingid": 4,
    "description": "D-Rose Englewood II",
    "filetype": 3,
    "gender": 2,
    "height": 1,
    "loadWeightsFromMesh": 1,
    "meshpath": "Mesh.02.0004.05.02.0000",
    "skinpath": "Clothing/02/0004/Rigs/05/Skin.02.0004.05.02.0000",
    "tagtype": "vat",
    "vatmax": 0.018217457458376884,
    "vatmin": -0.022581709548830986,
    "weight": 1
}