{
    "age": 5,
    "clothingelement": 2,
    "clothingid": 4,
    "description": "Dragon W",
    "filetype": 3,
    "gender": 1,
    "height": 1,
    "loadWeightsFromMesh": 1,
    "meshpath": "Mesh.02.0004.05.01.0000",
    "skinpath": "Clothing/02/0004/Rigs/05/Skin.02.0004.05.01.0000",
    "tagtype": "vat",
    "vatmax": 0.020619770511984825,
    "vatmin": -0.024542035534977913,
    "weight": 3
}