{
    "age": 2,
    "clothingelement": 2,
    "clothingid": 0,
    "description": "Shoe Generic",
    "filetype": 3,
    "gender": 2,
    "height": 3,
    "loadWeightsFromMesh": 1,
    "meshpath": "Mesh.02.0000.02.02.0000",
    "skinpath": "Clothing/02/0000/Rigs/02/Skin.02.0000.02.02.0000",
    "tagtype": "vat",
    "vatmax": 0.030076751485466957,
    "vatmin": -0.02470334991812706,
    "weight": 2
}