{
    "age": 5,
    "clothingelement": 2,
    "clothingid": 42,
    "description": "Reebok BREAKPOINT MID",
    "filetype": 3,
    "gender": 1,
    "height": 2,
    "loadWeightsFromMesh": 1,
    "meshpath": "Mesh.02.0042.05.01.0000",
    "skinpath": "Clothing/02/0042/Rigs/05/Skin.02.0042.05.01.0000",
    "tagtype": "vat",
    "vatmax": 0.0042962501756846905,
    "vatmin": -0.004129662644118071,
    "weight": 1
}