{
    "age": 5,
    "clothingelement": 2,
    "clothingid": 42,
    "description": "Reebok BREAKPOINT MID",
    "filetype": 3,
    "gender": 2,
    "height": 2,
    "loadWeightsFromMesh": 1,
    "meshpath": "Mesh.02.0042.05.02.0000",
    "skinpath": "Clothing/02/0042/Rigs/05/Skin.02.0042.05.02.0000",
    "tagtype": "vat",
    "vatmax": 0.0050995443016290665,
    "vatmin": -0.0039004229474812746,
    "weight": 3
}