{
    "age": 5,
    "clothingelement": 2,
    "clothingid": 42,
    "description": "Reebok BREAKPOINT MID",
    "filetype": 3,
    "gender": 2,
    "height": 3,
    "loadWeightsFromMesh": 1,
    "meshpath": "Mesh.02.0042.05.02.0000",
    "skinpath": "Clothing/02/0042/Rigs/05/Skin.02.0042.05.02.0000",
    "tagtype": "vat",
    "vatmax": 0.016614321619272232,
    "vatmin": -0.015739964321255684,
    "weight": 2
}