{
    "age": 2,
    "clothingelement": 3,
    "clothingid": 1,
    "description": "Jeans",
    "filetype": 3,
    "gender": 1,
    "height": 3,
    "loadWeightsFromMesh": 1,
    "meshpath": "Mesh.03.0001.02.01.0000",
    "skinpath": "Clothing/03/0001/Rigs/02/Skin.03.0001.02.01.0000",
    "tagtype": "vat",
    "vatmax": 0.17175982892513275,
    "vatmin": -0.023465517908334732,
    "weight": 2
}