{
    "age": 2,
    "clothingelement": 3,
    "clothingid": 1,
    "description": "Jeans",
    "filetype": 3,
    "gender": 2,
    "height": 3,
    "loadWeightsFromMesh": 1,
    "meshpath": "Mesh.03.0001.02.02.0000",
    "skinpath": "Clothing/03/0001/Rigs/02/Skin.03.0001.02.02.0000",
    "tagtype": "vat",
    "vatmax": 0.17178142070770264,
    "vatmin": -0.023451775312423706,
    "weight": 2
}