{
    "age": 2,
    "clothingelement": 3,
    "clothingid": 1,
    "description": "Jeans",
    "filetype": 3,
    "gender": 1,
    "height": 2,
    "loadWeightsFromMesh": 1,
    "meshpath": "Mesh.03.0001.02.01.0000",
    "skinpath": "Clothing/03/0001/Rigs/02/Skin.03.0001.02.01.0000",
    "tagtype": "vat",
    "vatmax": 0.0004066848778165877,
    "vatmin": -0.00024096846755128354,
    "weight": 1
}