{
    "age": 2,
    "clothingelement": 3,
    "clothingid": 1,
    "description": "Jeans",
    "filetype": 3,
    "gender": 2,
    "height": 2,
    "loadWeightsFromMesh": 1,
    "meshpath": "Mesh.03.0001.02.02.0000",
    "skinpath": "Clothing/03/0001/Rigs/02/Skin.03.0001.02.02.0000",
    "tagtype": "vat",
    "vatmax": 0.0009528934606350958,
    "vatmin": -5.728006362915039e-05,
    "weight": 1
}