{
    "age": 5,
    "clothingelement": 2,
    "clothingid": 51,
    "description": "UGG Cambridge Womens Black 7",
    "filetype": 3,
    "gender": 2,
    "height": 2,
    "loadWeightsFromMesh": 1,
    "meshpath": "Mesh.02.0051.05.02.0000",
    "skinpath": "Clothing/02/0051/Rigs/05/Skin.02.0051.05.02.0000",
    "tagtype": "vat",
    "vatmax": 0.012604663148522377,
    "vatmin": -0.012414400465786457,
    "weight": 3
}