{
    "age": 5,
    "clothingelement": 2,
    "clothingid": 51,
    "description": "UGG Cambridge Womens Black 7",
    "filetype": 3,
    "gender": 2,
    "height": 3,
    "loadWeightsFromMesh": 1,
    "meshpath": "Mesh.02.0051.05.02.0000",
    "skinpath": "Clothing/02/0051/Rigs/05/Skin.02.0051.05.02.0000",
    "tagtype": "vat",
    "vatmax": 0.08664033561944962,
    "vatmin": -0.022654056549072266,
    "weight": 1
}