{
    "age": 5,
    "clothingelement": 2,
    "clothingid": 51,
    "description": "UGG Cambridge Womens Black 7",
    "filetype": 3,
    "gender": 1,
    "height": 2,
    "loadWeightsFromMesh": 1,
    "meshpath": "Mesh.02.0051.05.01.0000",
    "skinpath": "Clothing/02/0051/Rigs/05/Skin.02.0051.05.01.0000",
    "tagtype": "vat",
    "vatmax": 0.007840151898562908,
    "vatmin": -0.007950400933623314,
    "weight": 1
}