{
    "age": 1,
    "clothingelement": 3,
    "clothingid": 0,
    "description": "Darcy Woven Pants",
    "filetype": 3,
    "gender": 2,
    "height": 3,
    "loadWeightsFromMesh": 1,
    "meshpath": "Mesh.03.0000.01.02.0000",
    "skinpath": "Clothing/03/0000/Rigs/01/Skin.03.0000.01.02.0000",
    "tagtype": "vat",
    "vatmax": 0.15497200191020966,
    "vatmin": -0.03165096789598465,
    "weight": 2
}