{
    "age": 1,
    "clothingelement": 3,
    "clothingid": 0,
    "description": "Darcy Woven Pants",
    "filetype": 3,
    "gender": 1,
    "height": 3,
    "loadWeightsFromMesh": 1,
    "meshpath": "Mesh.03.0000.01.01.0000",
    "skinpath": "Clothing/03/0000/Rigs/01/Skin.03.0000.01.01.0000",
    "tagtype": "vat",
    "vatmax": 0.15492378175258636,
    "vatmin": -0.03176971897482872,
    "weight": 2
}