{
    "age": 1,
    "clothingelement": 2,
    "clothingid": 13,
    "description": "Mens Largo Slip On Taupe",
    "filetype": 3,
    "gender": 1,
    "height": 3,
    "loadWeightsFromMesh": 1,
    "meshpath": "Mesh.02.0013.01.01.0000",
    "skinpath": "Clothing/02/0013/Rigs/01/Skin.02.0013.01.01.0000",
    "tagtype": "vat",
    "vatmax": 0.03246179595589638,
    "vatmin": -0.034291889518499374,
    "weight": 2
}