{
    "age": 5,
    "clothingelement": 2,
    "clothingid": 27,
    "description": "Trochilus Boost",
    "filetype": 3,
    "gender": 2,
    "height": 2,
    "loadWeightsFromMesh": 1,
    "meshpath": "Mesh.02.0027.05.02.0000",
    "skinpath": "Clothing/02/0027/Rigs/05/Skin.02.0027.05.02.0000",
    "tagtype": "vat",
    "vatmax": 0.00575115205720067,
    "vatmin": -0.003365001641213894,
    "weight": 3
}