{
    "age": 5,
    "clothingelement": 2,
    "clothingid": 27,
    "description": "Trochilus Boost",
    "filetype": 3,
    "gender": 2,
    "height": 3,
    "loadWeightsFromMesh": 1,
    "meshpath": "Mesh.02.0027.05.02.0000",
    "skinpath": "Clothing/02/0027/Rigs/05/Skin.02.0027.05.02.0000",
    "tagtype": "vat",
    "vatmax": 0.016659144312143326,
    "vatmin": -0.01574869081377983,
    "weight": 2
}