{
    "age": 5,
    "clothingelement": 2,
    "clothingid": 27,
    "description": "Trochilus Boost",
    "filetype": 3,
    "gender": 1,
    "height": 1,
    "loadWeightsFromMesh": 1,
    "meshpath": "Mesh.02.0027.05.01.0000",
    "skinpath": "Clothing/02/0027/Rigs/05/Skin.02.0027.05.01.0000",
    "tagtype": "vat",
    "vatmax": 0.02153342217206955,
    "vatmin": -0.025285204872488976,
    "weight": 1
}