{
    "age": 5,
    "clothingelement": 2,
    "clothingid": 27,
    "description": "Trochilus Boost",
    "filetype": 3,
    "gender": 1,
    "height": 3,
    "loadWeightsFromMesh": 1,
    "meshpath": "Mesh.02.0027.05.01.0000",
    "skinpath": "Clothing/02/0027/Rigs/05/Skin.02.0027.05.01.0000",
    "tagtype": "vat",
    "vatmax": 0.01613553985953331,
    "vatmin": -0.013756637461483479,
    "weight": 1
}