{
    "age": 5,
    "clothingelement": 2,
    "clothingid": 27,
    "description": "Trochilus Boost",
    "filetype": 3,
    "gender": 1,
    "height": 2,
    "loadWeightsFromMesh": 1,
    "meshpath": "Mesh.02.0027.05.01.0000",
    "skinpath": "Clothing/02/0027/Rigs/05/Skin.02.0027.05.01.0000",
    "tagtype": "vat",
    "vatmax": 0.0038585613947361708,
    "vatmin": -0.003867287654429674,
    "weight": 1
}