{
    "age": 5,
    "clothingelement": 2,
    "clothingid": 33,
    "description": "Asics GEL Dirt Dog 4 Sun Flame Black",
    "filetype": 3,
    "gender": 2,
    "height": 2,
    "loadWeightsFromMesh": 1,
    "meshpath": "Mesh.02.0033.05.02.0000",
    "skinpath": "Clothing/02/0033/Rigs/05/Skin.02.0033.05.02.0000",
    "tagtype": "vat",
    "vatmax": 0.006626615300774574,
    "vatmin": -0.0027721452061086893,
    "weight": 3
}