{
    "age": 5,
    "clothingelement": 1,
    "clothingid": 4,
    "description": "Raph Knit Top",
    "filetype": 3,
    "gender": 2,
    "height": 2,
    "loadWeightsFromMesh": 1,
    "meshpath": "Mesh.01.0004.05.02.0000",
    "skinpath": "Clothing/01/0004/Rigs/05/Skin.01.0004.05.02.0000",
    "tagtype": "vat",
    "vatmax": 0.013733978383243084,
    "vatmin": -0.03121562860906124,
    "weight": 1
}