{
    "age": 5,
    "clothingelement": 1,
    "clothingid": 4,
    "description": "Raph Knit Top",
    "filetype": 3,
    "gender": 2,
    "height": 3,
    "loadWeightsFromMesh": 1,
    "meshpath": "Mesh.01.0004.05.02.0000",
    "skinpath": "Clothing/01/0004/Rigs/05/Skin.01.0004.05.02.0000",
    "tagtype": "vat",
    "vatmax": 0.20742233097553253,
    "vatmin": -0.06717090308666229,
    "weight": 2
}