{
    "age": 5,
    "clothingelement": 1,
    "clothingid": 4,
    "description": "Raph Knit Top",
    "filetype": 3,
    "gender": 1,
    "height": 2,
    "loadWeightsFromMesh": 1,
    "meshpath": "Mesh.01.0004.05.01.0000",
    "skinpath": "Clothing/01/0004/Rigs/05/Skin.01.0004.05.01.0000",
    "tagtype": "vat",
    "vatmax": 3.814697180359872e-08,
    "vatmin": -1.5258788721439487e-07,
    "weight": 2
}