{
    "age": 5,
    "clothingelement": 1,
    "clothingid": 4,
    "description": "Raph Knit Top",
    "filetype": 3,
    "gender": 1,
    "height": 1,
    "loadWeightsFromMesh": 1,
    "meshpath": "Mesh.01.0004.05.01.0000",
    "skinpath": "Clothing/01/0004/Rigs/05/Skin.01.0004.05.01.0000",
    "tagtype": "vat",
    "vatmax": 0.08818531036376953,
    "vatmin": -0.2547047436237335,
    "weight": 2
}