{
    "age": 5,
    "clothingelement": 2,
    "clothingid": 22,
    "description": "Crazy Shadow 2",
    "filetype": 3,
    "gender": 1,
    "height": 3,
    "loadWeightsFromMesh": 1,
    "meshpath": "Mesh.02.0022.05.01.0000",
    "skinpath": "Clothing/02/0022/Rigs/05/Skin.02.0022.05.01.0000",
    "tagtype": "vat",
    "vatmax": 0.01872424967586994,
    "vatmin": -0.014514140784740448,
    "weight": 2
}