{
    "age": 5,
    "clothingelement": 2,
    "clothingid": 22,
    "description": "Crazy Shadow 2",
    "filetype": 3,
    "gender": 1,
    "height": 1,
    "loadWeightsFromMesh": 1,
    "meshpath": "Mesh.02.0022.05.01.0000",
    "skinpath": "Clothing/02/0022/Rigs/05/Skin.02.0022.05.01.0000",
    "tagtype": "vat",
    "vatmax": 0.02147897705435753,
    "vatmin": -0.025304870679974556,
    "weight": 1
}