{
    "age": 5,
    "clothingelement": 2,
    "clothingid": 22,
    "description": "Crazy Shadow 2",
    "filetype": 3,
    "gender": 2,
    "height": 2,
    "loadWeightsFromMesh": 1,
    "meshpath": "Mesh.02.0022.05.02.0000",
    "skinpath": "Clothing/02/0022/Rigs/05/Skin.02.0022.05.02.0000",
    "tagtype": "vat",
    "vatmax": 0.005727185867726803,
    "vatmin": -0.004210681654512882,
    "weight": 3
}