{
    "age": 5,
    "clothingelement": 2,
    "clothingid": 22,
    "description": "Crazy Shadow 2",
    "filetype": 3,
    "gender": 1,
    "height": 2,
    "loadWeightsFromMesh": 1,
    "meshpath": "Mesh.02.0022.05.01.0000",
    "skinpath": "Clothing/02/0022/Rigs/05/Skin.02.0022.05.01.0000",
    "tagtype": "vat",
    "vatmax": 4.76837147544984e-09,
    "vatmin": -9.53674295089968e-09,
    "weight": 2
}