{
    "age": 5,
    "clothingelement": 3,
    "clothingid": 1,
    "description": "Jennifer City Shorts",
    "filetype": 3,
    "gender": 1,
    "height": 3,
    "loadWeightsFromMesh": 1,
    "meshpath": "Mesh.03.0001.05.01.0000",
    "skinpath": "Clothing/03/0001/Rigs/05/Skin.03.0001.05.01.0000",
    "tagtype": "vat",
    "vatmax": 0.1708623468875885,
    "vatmin": -0.0017331559211015701,
    "weight": 2
}