{
    "age": 5,
    "clothingelement": 2,
    "clothingid": 15,
    "description": "Pure Flow 2 Color Royal Pur Hibiscus",
    "filetype": 3,
    "gender": 1,
    "height": 2,
    "loadWeightsFromMesh": 1,
    "meshpath": "Mesh.02.0015.05.01.0000",
    "skinpath": "Clothing/02/0015/Rigs/05/Skin.02.0015.05.01.0000",
    "tagtype": "vat",
    "vatmax": 0.0029177952092140913,
    "vatmin": -0.0010581397218629718,
    "weight": 1
}