{
    "age": 5,
    "clothingelement": 2,
    "clothingid": 0,
    "description": "Shoe Generic",
    "filetype": 3,
    "gender": 2,
    "height": 3,
    "loadWeightsFromMesh": 1,
    "meshpath": "Mesh.02.0000.05.02.0000",
    "skinpath": "Clothing/02/0000/Rigs/05/Skin.02.0000.05.02.0000",
    "tagtype": "vat",
    "vatmax": 0.016554011031985283,
    "vatmin": -0.015487432479858398,
    "weight": 2
}