{
    "age": 5,
    "clothingelement": 2,
    "clothingid": 0,
    "description": "Shoe Generic",
    "filetype": 3,
    "gender": 1,
    "height": 2,
    "loadWeightsFromMesh": 1,
    "meshpath": "Mesh.02.0000.05.01.0000",
    "skinpath": "Clothing/02/0000/Rigs/05/Skin.02.0000.05.01.0000",
    "tagtype": "vat",
    "vatmax": 0.0036240671761333942,
    "vatmin": -0.0038130569737404585,
    "weight": 1
}