{
    "age": 5,
    "clothingelement": 2,
    "clothingid": 0,
    "description": "Shoe Generic",
    "filetype": 3,
    "gender": 1,
    "height": 1,
    "loadWeightsFromMesh": 1,
    "meshpath": "Mesh.02.0000.05.01.0000",
    "skinpath": "Clothing/02/0000/Rigs/05/Skin.02.0000.05.01.0000",
    "tagtype": "vat",
    "vatmax": 0.01803439110517502,
    "vatmin": -0.021579666063189507,
    "weight": 2
}