{
    "age": 5,
    "clothingelement": 2,
    "clothingid": 0,
    "description": "Shoe Generic",
    "filetype": 3,
    "gender": 2,
    "height": 3,
    "loadWeightsFromMesh": 1,
    "meshpath": "Mesh.02.0000.05.02.0000",
    "skinpath": "Clothing/02/0000/Rigs/05/Skin.02.0000.05.02.0000",
    "tagtype": "vat",
    "vatmax": 0.04924629256129265,
    "vatmin": -0.02176370657980442,
    "weight": 1
}