{
    "age": 5,
    "clothingelement": 2,
    "clothingid": 0,
    "description": "Shoe Generic",
    "filetype": 3,
    "gender": 2,
    "height": 1,
    "loadWeightsFromMesh": 1,
    "meshpath": "Mesh.02.0000.05.02.0000",
    "skinpath": "Clothing/02/0000/Rigs/05/Skin.02.0000.05.02.0000",
    "tagtype": "vat",
    "vatmax": 0.01882166787981987,
    "vatmin": -0.02251935936510563,
    "weight": 1
}