{
    "age": 5,
    "clothingelement": 2,
    "clothingid": 0,
    "description": "Shoe Generic",
    "filetype": 3,
    "gender": 1,
    "height": 3,
    "loadWeightsFromMesh": 1,
    "meshpath": "Mesh.02.0000.05.01.0000",
    "skinpath": "Clothing/02/0000/Rigs/05/Skin.02.0000.05.01.0000",
    "tagtype": "vat",
    "vatmax": 0.024945005774497986,
    "vatmin": -0.02447010949254036,
    "weight": 3
}