{
    "age": 5,
    "clothingelement": 2,
    "clothingid": 40,
    "description": "UGG Jena Womens Java 7",
    "filetype": 3,
    "gender": 1,
    "height": 2,
    "loadWeightsFromMesh": 1,
    "meshpath": "Mesh.02.0040.05.01.0000",
    "skinpath": "Clothing/02/0040/Rigs/05/Skin.02.0040.05.01.0000",
    "tagtype": "vat",
    "vatmax": 0.009395179338753223,
    "vatmin": -0.009328608401119709,
    "weight": 1
}