{
    "age": 5,
    "clothingelement": 2,
    "clothingid": 40,
    "description": "UGG Jena Womens Java 7",
    "filetype": 3,
    "gender": 1,
    "height": 2,
    "loadWeightsFromMesh": 1,
    "meshpath": "Mesh.02.0040.05.01.0000",
    "skinpath": "Clothing/02/0040/Rigs/05/Skin.02.0040.05.01.0000",
    "tagtype": "vat",
    "vatmax": 0.026695603504776955,
    "vatmin": -0.026988515630364418,
    "weight": 3
}