{
    "age": 5,
    "clothingelement": 2,
    "clothingid": 40,
    "description": "UGG Jena Womens Java 7",
    "filetype": 3,
    "gender": 2,
    "height": 2,
    "loadWeightsFromMesh": 1,
    "meshpath": "Mesh.02.0040.05.02.0000",
    "skinpath": "Clothing/02/0040/Rigs/05/Skin.02.0040.05.02.0000",
    "tagtype": "vat",
    "vatmax": 0.011526603251695633,
    "vatmin": -0.013726789504289627,
    "weight": 1
}