{
    "age": 5,
    "clothingelement": 2,
    "clothingid": 40,
    "description": "UGG Jena Womens Java 7",
    "filetype": 3,
    "gender": 2,
    "height": 1,
    "loadWeightsFromMesh": 1,
    "meshpath": "Mesh.02.0040.05.02.0000",
    "skinpath": "Clothing/02/0040/Rigs/05/Skin.02.0040.05.02.0000",
    "tagtype": "vat",
    "vatmax": 0.021649135276675224,
    "vatmin": -0.05506095662713051,
    "weight": 3
}