{
    "age": 3,
    "clothingelement": 1,
    "clothingid": 0,
    "description": "Evie Knit Top",
    "filetype": 3,
    "gender": 2,
    "height": 2,
    "loadWeightsFromMesh": 1,
    "meshpath": "Mesh.01.0000.03.02.0000",
    "skinpath": "Clothing/01/0000/Rigs/03/Skin.01.0000.03.02.0000",
    "tagtype": "vat",
    "vatmax": 1.907348590179936e-08,
    "vatmin": -1.907348590179936e-08,
    "weight": 1
}