{
    "age": 7,
    "clothingelement": 6,
    "clothingid": 1,
    "description": "Overalls with shirt",
    "filetype": 3,
    "gender": 1,
    "height": 2,
    "loadWeightsFromMesh": 1,
    "meshpath": "Mesh.06.0001.07.01.0000",
    "skinpath": "Clothing/06/0001/Rigs/07/Skin.06.0001.07.01.0000",
    "tagtype": "vat",
    "vatmax": 0.0001560974051244557,
    "vatmin": -4.7554967750329524e-05,
    "weight": 2
}