{
    "age": 7,
    "clothingelement": 6,
    "clothingid": 1,
    "description": "Overalls with shirt",
    "filetype": 3,
    "gender": 2,
    "height": 1,
    "loadWeightsFromMesh": 1,
    "meshpath": "Mesh.06.0001.07.02.0000",
    "skinpath": "Clothing/06/0001/Rigs/07/Skin.06.0001.07.02.0000",
    "tagtype": "vat",
    "vatmax": 0.0006079864106141031,
    "vatmin": -7.629394360719743e-08,
    "weight": 2
}