{
    "age": 2,
    "clothingelement": 3,
    "clothingid": 2,
    "description": "Jennifer City Shorts",
    "filetype": 3,
    "gender": 2,
    "height": 3,
    "loadWeightsFromMesh": 1,
    "meshpath": "Mesh.03.0002.02.02.0000",
    "skinpath": "Clothing/03/0002/Rigs/02/Skin.03.0002.02.02.0000",
    "tagtype": "vat",
    "vatmax": 0.17131099104881287,
    "vatmin": -0.021694526076316833,
    "weight": 2
}