{
    "age": 2,
    "clothingelement": 3,
    "clothingid": 2,
    "description": "Jennifer City Shorts",
    "filetype": 3,
    "gender": 1,
    "height": 3,
    "loadWeightsFromMesh": 1,
    "meshpath": "Mesh.03.0002.02.01.0000",
    "skinpath": "Clothing/03/0002/Rigs/02/Skin.03.0002.02.01.0000",
    "tagtype": "vat",
    "vatmax": 0.17131610214710236,
    "vatmin": -0.021681679412722588,
    "weight": 2
}