{
    "age": 5,
    "clothingelement": 3,
    "clothingid": 4,
    "description": "pleated_skirt_knee",
    "filetype": 3,
    "gender": 2,
    "height": 1,
    "loadWeightsFromMesh": 1,
    "meshpath": "Mesh.03.0004.05.02.0000",
    "skinpath": "Clothing/03/0004/Rigs/05/Skin.03.0004.05.02.0000",
    "tagtype": "vat",
    "vatmax": 0.032498281449079514,
    "vatmin": -0.18090292811393738,
    "weight": 2
}