{
    "age": 2,
    "clothingelement": 6,
    "clothingid": 1,
    "description": "Overalls with shirt",
    "filetype": 3,
    "gender": 1,
    "height": 2,
    "loadWeightsFromMesh": 1,
    "meshpath": "Mesh.06.0001.02.01.0000",
    "skinpath": "Clothing/06/0001/Rigs/02/Skin.06.0001.02.01.0000",
    "tagtype": "vat",
    "vatmax": 0.001332669286057353,
    "vatmin": -0.0005764770321547985,
    "weight": 3
}