{
    "age": 5,
    "clothingelement": 2,
    "clothingid": 20,
    "description": "Santa Cruz Men",
    "filetype": 3,
    "gender": 2,
    "height": 1,
    "loadWeightsFromMesh": 1,
    "meshpath": "Mesh.02.0020.05.02.0000",
    "skinpath": "Clothing/02/0020/Rigs/05/Skin.02.0020.05.02.0000",
    "tagtype": "vat",
    "vatmax": 0.01710280403494835,
    "vatmin": -0.02251398004591465,
    "weight": 1
}