{
    "age": 5,
    "clothingelement": 2,
    "clothingid": 20,
    "description": "Santa Cruz Men",
    "filetype": 3,
    "gender": 1,
    "height": 3,
    "loadWeightsFromMesh": 1,
    "meshpath": "Mesh.02.0020.05.01.0000",
    "skinpath": "Clothing/02/0020/Rigs/05/Skin.02.0020.05.01.0000",
    "tagtype": "vat",
    "vatmax": 0.01611732505261898,
    "vatmin": -0.013713902793824673,
    "weight": 1
}