{
    "age": 3,
    "clothingelement": 2,
    "clothingid": 52,
    "description": "Crazy 8",
    "filetype": 3,
    "gender": 1,
    "height": 2,
    "loadWeightsFromMesh": 1,
    "meshpath": "Mesh.02.0052.03.01.0000",
    "skinpath": "Clothing/02/0052/Rigs/03/Skin.02.0052.03.01.0000",
    "tagtype": "vat",
    "vatmax": 1.907348590179936e-08,
    "vatmin": -1.907348590179936e-08,
    "weight": 1
}