{
    "age": 1,
    "clothingelement": 2,
    "clothingid": 24,
    "description": "Reebok CLASSIC LEGACY II",
    "filetype": 3,
    "gender": 1,
    "height": 3,
    "loadWeightsFromMesh": 1,
    "meshpath": "Mesh.02.0024.01.01.0000",
    "skinpath": "Clothing/02/0024/Rigs/01/Skin.02.0024.01.01.0000",
    "tagtype": "vat",
    "vatmax": 0.039881449192762375,
    "vatmin": -0.03501328453421593,
    "weight": 2
}