{
    "age": 5,
    "clothingelement": 1,
    "clothingid": 1,
    "description": "Jara Knit Top",
    "filetype": 3,
    "gender": 2,
    "height": 2,
    "loadWeightsFromMesh": 1,
    "meshpath": "Mesh.01.0001.05.02.0000",
    "skinpath": "Clothing/01/0001/Rigs/05/Skin.01.0001.05.02.0000",
    "tagtype": "vat",
    "vatmax": 0.08819498121738434,
    "vatmin": -0.08089285343885422,
    "weight": 3
}