{
    "age": 5,
    "clothingelement": 1,
    "clothingid": 1,
    "description": "Jara Knit Top",
    "filetype": 3,
    "gender": 2,
    "height": 1,
    "loadWeightsFromMesh": 1,
    "meshpath": "Mesh.01.0001.05.02.0000",
    "skinpath": "Clothing/01/0001/Rigs/05/Skin.01.0001.05.02.0000",
    "tagtype": "vat",
    "vatmax": 0.08954273164272308,
    "vatmin": -0.25448423624038696,
    "weight": 2
}