{
    "age": 2,
    "clothingelement": 2,
    "clothingid": 1,
    "description": "11 Pro SL TRX FG",
    "filetype": 3,
    "gender": 1,
    "height": 2,
    "loadWeightsFromMesh": 1,
    "meshpath": "Mesh.02.0001.02.01.0000",
    "skinpath": "Clothing/02/0001/Rigs/02/Skin.02.0001.02.01.0000",
    "tagtype": "vat",
    "vatmax": 3.278255444882916e-09,
    "vatmin": -1.19209286886246e-09,
    "weight": 2
}