{
    "age": 2,
    "clothingelement": 2,
    "clothingid": 1,
    "description": "11 Pro SL TRX FG",
    "filetype": 3,
    "gender": 2,
    "height": 3,
    "loadWeightsFromMesh": 1,
    "meshpath": "Mesh.02.0001.02.02.0000",
    "skinpath": "Clothing/02/0001/Rigs/02/Skin.02.0001.02.02.0000",
    "tagtype": "vat",
    "vatmax": 0.02997032180428505,
    "vatmin": -0.025254182517528534,
    "weight": 2
}