{
    "age": 5,
    "clothingelement": 2,
    "clothingid": 11,
    "description": "Leather Formal Shoes",
    "filetype": 3,
    "gender": 2,
    "height": 2,
    "loadWeightsFromMesh": 1,
    "meshpath": "Mesh.02.0011.05.02.0000",
    "skinpath": "Clothing/02/0011/Rigs/05/Skin.02.0011.05.02.0000",
    "tagtype": "vat",
    "vatmax": 0.005991630256175995,
    "vatmin": -0.0028629826847463846,
    "weight": 3
}