{
    "age": 5,
    "clothingelement": 2,
    "clothingid": 11,
    "description": "Leather Formal Shoes",
    "filetype": 3,
    "gender": 1,
    "height": 3,
    "loadWeightsFromMesh": 1,
    "meshpath": "Mesh.02.0011.05.01.0000",
    "skinpath": "Clothing/02/0011/Rigs/05/Skin.02.0011.05.01.0000",
    "tagtype": "vat",
    "vatmax": 0.016150055453181267,
    "vatmin": -0.013703546486794949,
    "weight": 1
}